<scene>
	<!--Cameras-->
	<sensor type="perspective">
		<string name="fov_axis" value="x" />
		<float name="fov" value="39.597755335771296" />
		<float name="near_clip" value="0.1" />
		<float name="far_clip" value="1000" />
		<transform name="to_world">
			<matrix value="0.9250140190124512 0.2748899757862091 0.26226836442947377 -1.0572376251220703 0.37993317842483515 -0.6692678928375244 -0.6385383605957031 2.5740303993225098 -8.86058876223918e-17 0.6903012990951538 -0.7235219478607178 2.9166102409362793 0.0 0.0 0.0 1.0 " />
		</transform>
		<sampler type="independent">
			<integer name="sample_count" value="1" />
		</sampler>
		<film type="hdrfilm">
			<integer name="width" value="800" />
			<integer name="height" value="800" />
		</film>
	</sensor>
	<sensor type="perspective">
		<string name="fov_axis" value="x" />
		<float name="fov" value="39.597755335771296" />
		<float name="near_clip" value="0.1" />
		<float name="far_clip" value="1000" />
		<transform name="to_world">
			<matrix value="-0.6858149766921997 -0.7249027490615845 -0.06460536271333686 0.26043257117271423 -0.7277759909629822 0.6831074357032776 0.060880452394485564 -0.24541696906089783 -3.725290420443112e-09 0.08877081423997879 -0.9960520267486572 4.015214443206787 0.0 0.0 0.0 1.0 " />
		</transform>
	</sensor>
	<sensor type="perspective">
		<string name="fov_axis" value="x" />
		<float name="fov" value="39.597755335771296" />
		<float name="near_clip" value="0.1" />
		<float name="far_clip" value="1000" />
		<transform name="to_world">
			<matrix value="-0.3260957896709441 0.14048941433429718 0.934839129447937 -3.7684571743011475 0.9453368186950684 0.04846210405230522 0.3224746286869048 -1.2999367713928223 -1.819985593918881e-17 0.9888953566551208 -0.1486130952835083 0.5990785360336304 0.0 0.0 0.0 1.0 " />
		</transform>
	</sensor>
	<sensor type="perspective">
		<string name="fov_axis" value="x" />
		<float name="fov" value="39.597755335771296" />
		<float name="near_clip" value="0.1" />
		<float name="far_clip" value="1000" />
		<transform name="to_world">
			<matrix value="0.9063443541526794 -0.156948983669281 -0.3923097252845765 1.5814510583877563 -0.42253980040550243 -0.3366542458534241 -0.8415010571479797 3.3921992778778076 -4.548851546474098e-17 0.9284562468528748 -0.37144190073013306 1.4973301887512207 0.0 0.0 0.0 1.0 " />
		</transform>
	</sensor>
	<sensor type="perspective">
		<string name="fov_axis" value="x" />
		<float name="fov" value="39.597755335771296" />
		<float name="near_clip" value="0.1" />
		<float name="far_clip" value="1000" />
		<transform name="to_world">
			<matrix value="-0.8591064810752869 -0.4538917541503906 -0.2364707589149474 0.953244149684906 -0.5117969512939453 0.7619063258171082 0.39694169163703924 -1.6001232862472534 1.4901161085238762e-08 0.46204015612602234 -0.8868588805198669 3.575042724609375 0.0 0.0 0.0 1.0 " />
		</transform>
	</sensor>
	<sensor type="perspective">
		<string name="fov_axis" value="x" />
		<float name="fov" value="39.597755335771296" />
		<float name="near_clip" value="0.1" />
		<float name="far_clip" value="1000" />
		<transform name="to_world">
			<matrix value="-0.46262365579605114 -0.4831503927707672 -0.7433337569236754 2.996474266052246 -0.8865548372268677 0.25211840867996216 0.38788774609565746 -1.5636255741119385 -6.674021893269164e-17 0.8384521007537842 -0.544975221157074 2.1968653202056885 0.0 0.0 0.0 1.0 " />
		</transform>
	</sensor>
	<sensor type="perspective">
		<string name="fov_axis" value="x" />
		<float name="fov" value="39.597755335771296" />
		<float name="near_clip" value="0.1" />
		<float name="far_clip" value="1000" />
		<transform name="to_world">
			<matrix value="0.06443945318460453 -0.26465365290641785 -0.9621880650520325 3.878704309463501 -0.9979217052459717 -0.01708965376019478 -0.06213200092315661 0.2504621148109436 -3.247822809961792e-17 0.9641920328140259 -0.26520484685897827 1.069075107574463 0.0 0.0 0.0 1.0 " />
		</transform>
	</sensor>
	<sensor type="perspective">
		<string name="fov_axis" value="x" />
		<float name="fov" value="39.597755335771296" />
		<float name="near_clip" value="0.1" />
		<float name="far_clip" value="1000" />
		<transform name="to_world">
			<matrix value="0.9958431124687195 -0.060012977570295334 -0.06851974874734891 0.2762119472026825 -0.09108519554138193 -0.6561276316642761 -0.7491329312324524 3.0198514461517334 -3.725289935060571e-09 0.7522600293159485 -0.6588664054870605 2.655975341796875 0.0 0.0 0.0 1.0 " />
		</transform>
	</sensor>
	<sensor type="perspective">
		<string name="fov_axis" value="x" />
		<float name="fov" value="39.597755335771296" />
		<float name="near_clip" value="0.1" />
		<float name="far_clip" value="1000" />
		<transform name="to_world">
			<matrix value="-0.9012928605079651 0.18108686804771423 0.39354631304740917 -1.5864359140396118 0.43321028351783764 0.37675073742866516 0.8187720775604248 -3.3005757331848145 1.4901161142656014e-08 0.9084417223930359 -0.41801145672798157 1.6850581169128418 0.0 0.0 0.0 1.0 " />
		</transform>
	</sensor>
	<sensor type="perspective">
		<string name="fov_axis" value="x" />
		<float name="fov" value="39.597755335771296" />
		<float name="near_clip" value="0.1" />
		<float name="far_clip" value="1000" />
		<transform name="to_world">
			<matrix value="0.8507986068725587 0.20614278316497803 0.4833703041076659 -1.9485280513763428 0.5254918932914733 -0.33375585079193115 -0.7826015949249269 3.1547679901123047 -1.490116124188876e-08 0.9198436141014099 -0.39228537678718567 1.581352949142456 0.0 0.0 0.0 1.0 " />
		</transform>
	</sensor>
	<sensor type="perspective">
		<string name="fov_axis" value="x" />
		<float name="fov" value="39.597755335771296" />
		<float name="near_clip" value="0.1" />
		<float name="far_clip" value="1000" />
		<transform name="to_world">
			<matrix value="0.9964723587036133 0.0291383545845747 0.0787013992667197 -0.31725549697875977 0.08392231911420811 -0.3459814488887787 -0.9344804883003235 3.7670114040374756 -4.252050958019944e-17 0.937788724899292 -0.3472062945365906 1.3996332883834839 0.0 0.0 0.0 1.0 " />
		</transform>
	</sensor>
	<sensor type="perspective">
		<string name="fov_axis" value="x" />
		<float name="fov" value="39.597755335771296" />
		<float name="near_clip" value="0.1" />
		<float name="far_clip" value="1000" />
		<transform name="to_world">
			<matrix value="0.6059895157814027 0.3178822100162506 0.729196548461914 -2.9394853115081787 0.7954726219177245 -0.2421620488166809 -0.5555005073547364 2.2392940521240234 1.4901161144909024e-08 0.9166833758354187 -0.39961424469947815 1.6108965873718262 0.0 0.0 0.0 1.0 " />
		</transform>
	</sensor>
	<sensor type="perspective">
		<string name="fov_axis" value="x" />
		<float name="fov" value="39.597755335771296" />
		<float name="near_clip" value="0.1" />
		<float name="far_clip" value="1000" />
		<transform name="to_world">
			<matrix value="0.5113345384597777 -0.5388402938842773 -0.6694684624671937 2.698713779449463 -0.8593817949295044 -0.32061147689819336 -0.39833560585975636 1.6057422161102295 -7.678650051957934e-17 0.7790117263793945 -0.6270093321800232 2.527555465698242 0.0 0.0 0.0 1.0 " />
		</transform>
	</sensor>
	<sensor type="perspective">
		<string name="fov_axis" value="x" />
		<float name="fov" value="39.597755335771296" />
		<float name="near_clip" value="0.1" />
		<float name="far_clip" value="1000" />
		<transform name="to_world">
			<matrix value="0.4027670919895171 -0.37720945477485657 -0.8339614272117615 3.3618061542510986 -0.9153026342391968 -0.16598613560199738 -0.36697396636009205 1.4793193340301514 1.4901164696091866e-08 0.9111320376396179 -0.4121144711971283 1.6612865924835205 0.0 0.0 0.0 1.0 " />
		</transform>
	</sensor>
	<sensor type="perspective">
		<string name="fov_axis" value="x" />
		<float name="fov" value="39.597755335771296" />
		<float name="near_clip" value="0.1" />
		<float name="far_clip" value="1000" />
		<transform name="to_world">
			<matrix value="-0.7454707622528077 -0.35735198855400085 -0.562648057937622 2.2681069374084473 -0.6665382385253905 0.39967018365859985 0.6292777061462403 -2.5366995334625244 -6.565713905404621e-17 0.8441345691680908 -0.5361312031745911 2.1612141132354736 0.0 0.0 0.0 1.0 " />
		</transform>
	</sensor>
	<sensor type="perspective">
		<string name="fov_axis" value="x" />
		<float name="fov" value="39.597755335771296" />
		<float name="near_clip" value="0.1" />
		<float name="far_clip" value="1000" />
		<transform name="to_world">
			<matrix value="0.8823493719100952 0.46879974007606506 0.04106496274471272 -0.16553816199302673 0.4705948829650879 -0.8789835572242737 -0.07699541002511984 0.31037843227386475 -3.725290420459448e-09 0.08726167678833008 -0.9961854219436646 4.015751838684082 0.0 0.0 0.0 1.0 " />
		</transform>
	</sensor>
	<sensor type="perspective">
		<string name="fov_axis" value="x" />
		<float name="fov" value="39.597755335771296" />
		<float name="near_clip" value="0.1" />
		<float name="far_clip" value="1000" />
		<transform name="to_world">
			<matrix value="0.2657671868801118 0.6554209589958191 0.706959068775177 -2.8498432636260986 0.964037299156189 -0.18068741261959076 -0.19489550590515148 0.7856489419937134 1.4901162886944313e-08 0.7333316802978516 -0.6798709630966187 2.740647554397583 0.0 0.0 0.0 1.0 " />
		</transform>
	</sensor>
	<sensor type="perspective">
		<string name="fov_axis" value="x" />
		<float name="fov" value="39.597755335771296" />
		<float name="near_clip" value="0.1" />
		<float name="far_clip" value="1000" />
		<transform name="to_world">
			<matrix value="0.9516690969467163 -0.07177157700061798 -0.29862138628959667 1.2037813663482666 -0.30712521076202404 -0.2223939448595047 -0.9253188371658325 3.7300796508789062 7.4505805683052624e-09 0.9723115563392639 -0.23368830978870392 0.9420276880264282 0.0 0.0 0.0 1.0 " />
		</transform>
	</sensor>
	<sensor type="perspective">
		<string name="fov_axis" value="x" />
		<float name="fov" value="39.597755335771296" />
		<float name="near_clip" value="0.1" />
		<float name="far_clip" value="1000" />
		<transform name="to_world">
			<matrix value="-0.3344980478286744 -0.3132399618625641 -0.8888148069381714 3.5829269886016846 -0.9423965215682983 0.11118266731500626 0.3154795467853547 -1.2717387676239014 -4.0705618282249684e-17 0.9431432485580444 -0.3323865830898285 1.3398932218551636 0.0 0.0 0.0 1.0 " />
		</transform>
	</sensor>
	<sensor type="perspective">
		<string name="fov_axis" value="x" />
		<float name="fov" value="39.597755335771296" />
		<float name="near_clip" value="0.1" />
		<float name="far_clip" value="1000" />
		<transform name="to_world">
			<matrix value="-0.3607509136199952 -0.8952076435089111 -0.2616522312164306 1.0547538995742798 -0.932662308216095 0.346263587474823 0.10120629519224178 -0.40797561407089233 -7.450581602648919e-09 0.28054356575012207 -0.9598413705825806 3.869244337081909 0.0 0.0 0.0 1.0 " />
		</transform>
	</sensor>
	<sensor type="perspective">
		<string name="fov_axis" value="x" />
		<float name="fov" value="39.597755335771296" />
		<float name="near_clip" value="0.1" />
		<float name="far_clip" value="1000" />
		<transform name="to_world">
			<matrix value="0.956350564956665 0.1446351855993271 0.25391802191734303 -1.023576259613037 0.2922220230102538 -0.4733453392982483 -0.83099365234375 3.3498425483703613 -7.450581545716103e-09 0.8689215779304504 -0.49494966864585876 1.9952058792114258 0.0 0.0 0.0 1.0 " />
		</transform>
	</sensor>
	<sensor type="perspective">
		<string name="fov_axis" value="x" />
		<float name="fov" value="39.597755335771296" />
		<float name="near_clip" value="0.1" />
		<float name="far_clip" value="1000" />
		<transform name="to_world">
			<matrix value="0.7170628309249877 -0.4431157112121582 -0.538023591041565 2.1688425540924072 -0.6970086097717286 -0.45586496591567993 -0.5535035133361815 2.2312440872192383 -7.785560922400941e-17 0.7719038724899292 -0.635739266872406 2.562747001647949 0.0 0.0 0.0 1.0 " />
		</transform>
	</sensor>
	<sensor type="perspective">
		<string name="fov_axis" value="x" />
		<float name="fov" value="39.597755335771296" />
		<float name="near_clip" value="0.1" />
		<float name="far_clip" value="1000" />
		<transform name="to_world">
			<matrix value="-0.8457144498825073 -0.5287441611289978 -0.07208725810050955 0.2905930280685425 -0.5336356163024902 0.8379623889923096 0.11424505710601814 -0.46053656935691833 3.7252899550751646e-09 0.13508741557598114 -0.9908337593078613 3.994178533554077 0.0 0.0 0.0 1.0 " />
		</transform>
	</sensor>
	<sensor type="perspective">
		<string name="fov_axis" value="x" />
		<float name="fov" value="39.597755335771296" />
		<float name="near_clip" value="0.1" />
		<float name="far_clip" value="1000" />
		<transform name="to_world">
			<matrix value="0.7889414429664613 0.15000830590724945 0.5958765745162963 -2.402055263519287 0.6144683957099913 -0.19260187447071075 -0.7650706171989442 3.0840983390808105 -2.989693139730628e-17 0.9697432518005371 -0.24412696063518524 0.984107255935669 0.0 0.0 0.0 1.0 " />
		</transform>
	</sensor>
	<sensor type="perspective">
		<string name="fov_axis" value="x" />
		<float name="fov" value="39.597755335771296" />
		<float name="near_clip" value="0.1" />
		<float name="far_clip" value="1000" />
		<transform name="to_world">
			<matrix value="-0.6977820396423339 0.20249579846858978 0.6870921850204469 -2.7697572708129883 0.7163101434707643 0.19725804030895233 0.6693198084831237 -2.6981143951416016 -1.4901161228467554e-08 0.9592105150222778 -0.28269290924072266 1.1395715475082397 0.0 0.0 0.0 1.0 " />
		</transform>
	</sensor>
	<sensor type="perspective">
		<string name="fov_axis" value="x" />
		<float name="fov" value="39.597755335771296" />
		<float name="near_clip" value="0.1" />
		<float name="far_clip" value="1000" />
		<transform name="to_world">
			<matrix value="-0.2353692352771758 0.523441731929779 0.8189079165458679 -3.3011233806610107 0.9719060659408569 0.12676335871219635 0.1983172446489333 -0.7994424104690552 7.45058053096774e-09 0.8425793051719666 -0.5385723114013672 2.1710543632507324 0.0 0.0 0.0 1.0 " />
		</transform>
	</sensor>
	<sensor type="perspective">
		<string name="fov_axis" value="x" />
		<float name="fov" value="39.597755335771296" />
		<float name="near_clip" value="0.1" />
		<float name="far_clip" value="1000" />
		<transform name="to_world">
			<matrix value="-0.9830045104026794 0.045349299907684326 0.17789188027381908 -0.7171050906181335 0.18358123302459728 0.24282744526863098 0.9525401592254639 -3.8398122787475586 -3.725290328713848e-09 0.9690088033676147 -0.2470257729291916 0.9957927465438843 0.0 0.0 0.0 1.0 " />
		</transform>
	</sensor>
	<sensor type="perspective">
		<string name="fov_axis" value="x" />
		<float name="fov" value="39.597755335771296" />
		<float name="near_clip" value="0.1" />
		<float name="far_clip" value="1000" />
		<transform name="to_world">
			<matrix value="0.9058412313461304 -0.2997271418571472 -0.2993581295013429 1.2067512273788452 -0.4236173033714295 -0.6409209370613098 -0.6401318311691284 2.580453872680664 -1.4901159504139748e-08 0.7066711783409119 -0.7075421810150146 2.852193832397461 0.0 0.0 0.0 1.0 " />
		</transform>
	</sensor>
	<sensor type="perspective">
		<string name="fov_axis" value="x" />
		<float name="fov" value="39.597755335771296" />
		<float name="near_clip" value="0.1" />
		<float name="far_clip" value="1000" />
		<transform name="to_world">
			<matrix value="-0.06830453127622593 0.3064652979373932 0.9494279623031616 -3.8272666931152344 0.9976645708084106 0.02098196931183338 0.06500203162431704 -0.262031614780426 -3.761902895428301e-17 0.9516506195068359 -0.3071826696395874 1.2382930517196655 0.0 0.0 0.0 1.0 " />
		</transform>
	</sensor>
	<sensor type="perspective">
		<string name="fov_axis" value="x" />
		<float name="fov" value="39.597755335771296" />
		<float name="near_clip" value="0.1" />
		<float name="far_clip" value="1000" />
		<transform name="to_world">
			<matrix value="0.9677388668060303 0.1398463398218155 0.20958179235458363 -0.8448512554168701 0.25195541977882374 -0.5371376872062683 -0.8049854636192322 3.245000123977661 7.45058052895054e-09 0.8318210244178772 -0.5550439953804016 2.2374539375305176 0.0 0.0 0.0 1.0 " />
		</transform>
	</sensor>
	<sensor type="perspective">
		<string name="fov_axis" value="x" />
		<float name="fov" value="39.597755335771296" />
		<float name="near_clip" value="0.1" />
		<float name="far_clip" value="1000" />
		<transform name="to_world">
			<matrix value="0.8545518517494202 0.3337990343570709 0.3978934884071349 -1.6039599180221558 0.519365906715393 -0.5492246747016907 -0.6546841263771058 2.639116048812866 -1.4901158608021043e-08 0.7661139369010925 -0.6427048444747925 2.5908260345458984 0.0 0.0 0.0 1.0 " />
		</transform>
	</sensor>
	<sensor type="perspective">
		<string name="fov_axis" value="x" />
		<float name="fov" value="39.597755335771296" />
		<float name="near_clip" value="0.1" />
		<float name="far_clip" value="1000" />
		<transform name="to_world">
			<matrix value="-0.9962546825408936 0.025986727327108383 0.08247014880180371 -0.3324478268623352 0.08646754920482647 0.29941171407699585 0.9501977562904358 -3.8303699493408203 -3.680520805623803e-17 0.9537699222564697 -0.3005373179912567 1.2115048170089722 0.0 0.0 0.0 1.0 " />
		</transform>
	</sensor>
	<sensor type="perspective">
		<string name="fov_axis" value="x" />
		<float name="fov" value="39.597755335771296" />
		<float name="near_clip" value="0.1" />
		<float name="far_clip" value="1000" />
		<transform name="to_world">
			<matrix value="-0.9925857782363892 -0.0175014715641737 -0.12028004974126803 0.48486438393592834 -0.12154667079448687 0.14292214810848236 0.9822421669960022 -3.9595448970794678 -1.7633656585397412e-17 0.9895792007446289 -0.14398972690105438 0.5804411768913269 0.0 0.0 0.0 1.0 " />
		</transform>
	</sensor>
	<sensor type="perspective">
		<string name="fov_axis" value="x" />
		<float name="fov" value="39.597755335771296" />
		<float name="near_clip" value="0.1" />
		<float name="far_clip" value="1000" />
		<transform name="to_world">
			<matrix value="0.9745739698410034 -0.15182095766067505 -0.1647910624742509 0.6642939448356628 -0.2240663170814515 -0.660343587398529 -0.7167569398880005 2.8893392086029053 -8.297862128475452e-17 0.735456645488739 -0.6775718331336975 2.7313790321350098 0.0 0.0 0.0 1.0 " />
		</transform>
	</sensor>
	<sensor type="perspective">
		<string name="fov_axis" value="x" />
		<float name="fov" value="39.597755335771296" />
		<float name="near_clip" value="0.1" />
		<float name="far_clip" value="1000" />
		<transform name="to_world">
			<matrix value="0.8494749665260316 0.10673805326223373 0.5167196989059447 -2.082963705062866 0.5276288986206054 -0.17184674739837646 -0.831911325454712 3.353541851043701 7.450580572149518e-09 0.9793241024017334 -0.20229758322238922 0.8154876232147217 0.0 0.0 0.0 1.0 " />
		</transform>
	</sensor>
	<sensor type="perspective">
		<string name="fov_axis" value="x" />
		<float name="fov" value="39.597755335771296" />
		<float name="near_clip" value="0.1" />
		<float name="far_clip" value="1000" />
		<transform name="to_world">
			<matrix value="0.9998512864112854 0.01611357368528843 0.006153763271868107 -0.024806614965200424 0.017248656600713685 -0.9340540766716003 -0.3567146062850952 1.4379626512527466 -1.1440566086421547e-16 0.3567677140235901 -0.9341930747032166 3.765852928161621 0.0 0.0 0.0 1.0 " />
		</transform>
	</sensor>
	<sensor type="perspective">
		<string name="fov_axis" value="x" />
		<float name="fov" value="39.597755335771296" />
		<float name="near_clip" value="0.1" />
		<float name="far_clip" value="1000" />
		<transform name="to_world">
			<matrix value="0.9913942217826843 -0.13035331666469574 -0.012060862034559371 0.04861889034509659 -0.13091009855270386 -0.9871777296066284 -0.09133801609277724 0.3681953251361847 -9.313226965593105e-10 0.09213109314441681 -0.995746910572052 4.013984203338623 0.0 0.0 0.0 1.0 " />
		</transform>
	</sensor>
	<sensor type="perspective">
		<string name="fov_axis" value="x" />
		<float name="fov" value="39.597755335771296" />
		<float name="near_clip" value="0.1" />
		<float name="far_clip" value="1000" />
		<transform name="to_world">
			<matrix value="0.7272384762763976 -0.4046468436717987 -0.554423213005066 2.2349517345428467 -0.6863849163055421 -0.42873138189315796 -0.5874224305152892 2.3679757118225098 -7.219702088608053e-17 0.8077439665794373 -0.5895333886146545 2.3764853477478027 0.0 0.0 0.0 1.0 " />
		</transform>
	</sensor>
	<sensor type="perspective">
		<string name="fov_axis" value="x" />
		<float name="fov" value="39.597755335771296" />
		<float name="near_clip" value="0.1" />
		<float name="far_clip" value="1000" />
		<transform name="to_world">
			<matrix value="-0.0714204162359237 0.8335370421409607 0.5478276610374451 -2.2083640098571777 0.9974463582038879 0.05968397110700607 0.03922624886035907 -0.1581260710954666 -1.0234019422893261e-16 0.5492302775382996 -0.835671067237854 3.3686978816986084 0.0 0.0 0.0 1.0 " />
		</transform>
	</sensor>
	<sensor type="perspective">
		<string name="fov_axis" value="x" />
		<float name="fov" value="39.597755335771296" />
		<float name="near_clip" value="0.1" />
		<float name="far_clip" value="1000" />
		<transform name="to_world">
			<matrix value="-0.9130738377571106 -0.3836267292499542 -0.1382993310689925 0.5575024485588074 -0.40779432654380793 0.858961284160614 0.3096597790718079 -1.2482784986495972 -1.1520693033380522e-16 0.33913981914520264 -0.940735936164856 3.7922277450561523 0.0 0.0 0.0 1.0 " />
		</transform>
	</sensor>
	<sensor type="perspective">
		<string name="fov_axis" value="x" />
		<float name="fov" value="39.597755335771296" />
		<float name="near_clip" value="0.1" />
		<float name="far_clip" value="1000" />
		<transform name="to_world">
			<matrix value="0.7109672427177429 0.552476167678833 0.43508118391036976 -1.7538683414459229 0.7032251358032227 -0.5585586428642273 -0.4398711919784547 1.7731775045394897 1.4901161097635478e-08 0.6186939477920532 -0.7856320142745972 3.1669838428497314 0.0 0.0 0.0 1.0 " />
		</transform>
	</sensor>
	<sensor type="perspective">
		<string name="fov_axis" value="x" />
		<float name="fov" value="39.597755335771296" />
		<float name="near_clip" value="0.1" />
		<float name="far_clip" value="1000" />
		<transform name="to_world">
			<matrix value="-0.9869681596755981 -0.13101491332054138 -0.09342881292104709 0.37662360072135925 -0.16091564297676078 0.803573489189148 0.5730409622192383 -2.310002088546753 -9.970874473391448e-17 0.5806072950363159 -0.8141836524009705 3.2820792198181152 0.0 0.0 0.0 1.0 " />
		</transform>
	</sensor>
	<sensor type="perspective">
		<string name="fov_axis" value="x" />
		<float name="fov" value="39.597755335771296" />
		<float name="near_clip" value="0.1" />
		<float name="far_clip" value="1000" />
		<transform name="to_world">
			<matrix value="0.777029037475586 0.3282945454120636 0.5370742082595824 -2.165015459060669 0.6294648647308348 -0.40525591373443604 -0.6629793643951417 2.6725552082061768 -1.49011630340754e-08 0.853223443031311 -0.5215454697608948 2.1024169921875 0.0 0.0 0.0 1.0 " />
		</transform>
	</sensor>
	<sensor type="perspective">
		<string name="fov_axis" value="x" />
		<float name="fov" value="39.597755335771296" />
		<float name="near_clip" value="0.1" />
		<float name="far_clip" value="1000" />
		<transform name="to_world">
			<matrix value="-0.3290100693702699 -0.6361754536628723 -0.6978775262832642 2.813234329223633 -0.9443264007568359 0.22164809703826904 0.24314555525779735 -0.9801510572433472 -8.250222176272434e-17 0.7390215992927551 -0.6736817359924316 2.715698003768921 0.0 0.0 0.0 1.0 " />
		</transform>
	</sensor>
	<sensor type="perspective">
		<string name="fov_axis" value="x" />
		<float name="fov" value="39.597755335771296" />
		<float name="near_clip" value="0.1" />
		<float name="far_clip" value="1000" />
		<transform name="to_world">
			<matrix value="0.9577675461769104 -0.06264221668243408 -0.2806372344493867 1.1312848329544067 -0.28754356503486644 -0.20865248143672943 -0.934763491153717 3.7681522369384766 3.725290271782623e-09 0.975981593132019 -0.21785293519496918 0.8781932592391968 0.0 0.0 0.0 1.0 " />
		</transform>
	</sensor>
	<sensor type="perspective">
		<string name="fov_axis" value="x" />
		<float name="fov" value="39.597755335771296" />
		<float name="near_clip" value="0.1" />
		<float name="far_clip" value="1000" />
		<transform name="to_world">
			<matrix value="0.0036228382959962785 0.682163655757904 0.7311904430389404 -2.9475231170654297 0.9999935030937195 -0.0024713845923542976 -0.002649001777172211 0.010678468272089958 1.1641525216321776e-10 0.7311952710151672 -0.6821681261062622 2.749907970428467 0.0 0.0 0.0 1.0 " />
		</transform>
	</sensor>
	<sensor type="perspective">
		<string name="fov_axis" value="x" />
		<float name="fov" value="39.597755335771296" />
		<float name="near_clip" value="0.1" />
		<float name="far_clip" value="1000" />
		<transform name="to_world">
			<matrix value="0.7905110120773314 -0.294570654630661 -0.5369548201560975 2.164533853530884 -0.6124477982521058 -0.3802141845226288 -0.6930692195892333 2.793851137161255 1.4901159358588649e-08 0.8767356276512146 -0.48097267746925354 1.938862681388855 0.0 0.0 0.0 1.0 " />
		</transform>
	</sensor>
	<sensor type="perspective">
		<string name="fov_axis" value="x" />
		<float name="fov" value="39.597755335771296" />
		<float name="near_clip" value="0.1" />
		<float name="far_clip" value="1000" />
		<transform name="to_world">
			<matrix value="-0.5895764231681824 0.6883980631828308 0.42250195145607 -1.7031598091125488 0.8077125549316406 0.5024847388267517 0.308398276567459 -1.24319326877594 -1.0437430668133531e-16 0.5230844020843506 -0.852280855178833 3.4356539249420166 0.0 0.0 0.0 1.0 " />
		</transform>
	</sensor>
	<sensor type="perspective">
		<string name="fov_axis" value="x" />
		<float name="fov" value="39.597755335771296" />
		<float name="near_clip" value="0.1" />
		<float name="far_clip" value="1000" />
		<transform name="to_world">
			<matrix value="0.8087576627731323 0.5572271347045898 0.1881730407476424 -0.7585498094558716 0.5881421566009521 -0.7662461400032043 -0.25875779986381536 1.043086051940918 -1.1602747038851961e-16 0.31994491815567017 -0.9474361538887024 3.819237232208252 0.0 0.0 0.0 1.0 " />
		</transform>
	</sensor>
	<sensor type="perspective">
		<string name="fov_axis" value="x" />
		<float name="fov" value="39.597755335771296" />
		<float name="near_clip" value="0.1" />
		<float name="far_clip" value="1000" />
		<transform name="to_world">
			<matrix value="0.7080161571502684 -0.49161356687545776 -0.50698059797287 2.0437042713165283 -0.7061963081359864 -0.4928804039955139 -0.5082870721817015 2.0489706993103027 1.4901161108594733e-08 0.717903196811676 -0.6961429119110107 2.806241750717163 0.0 0.0 0.0 1.0 " />
		</transform>
	</sensor>
	<sensor type="perspective">
		<string name="fov_axis" value="x" />
		<float name="fov" value="39.597755335771296" />
		<float name="near_clip" value="0.1" />
		<float name="far_clip" value="1000" />
		<transform name="to_world">
			<matrix value="-0.31597405672073375 -0.14568167924880981 -0.9375165104866028 3.779249906539917 -0.948767900466919 0.04851727932691574 0.31222695112228405 -1.2586270570755005 3.725290723746882e-09 0.9881411194801331 -0.15354828536510468 0.6189729571342468 0.0 0.0 0.0 1.0 " />
		</transform>
	</sensor>
	<sensor type="perspective">
		<string name="fov_axis" value="x" />
		<float name="fov" value="39.597755335771296" />
		<float name="near_clip" value="0.1" />
		<float name="far_clip" value="1000" />
		<transform name="to_world">
			<matrix value="0.9440658092498779 -0.17011535167694092 -0.2824901044368745 1.1387540102005005 -0.32975733280181896 -0.48702505230903625 -0.8087438941001892 3.260150909423828 -6.317713883939401e-17 0.8566606044769287 -0.5158804655075073 2.079580783843994 0.0 0.0 0.0 1.0 " />
		</transform>
	</sensor>
	<sensor type="perspective">
		<string name="fov_axis" value="x" />
		<float name="fov" value="39.597755335771296" />
		<float name="near_clip" value="0.1" />
		<float name="far_clip" value="1000" />
		<transform name="to_world">
			<matrix value="-0.40710783004760737 0.8329028487205505 0.37488132715225225 -1.5111949443817139 0.9133800864219666 0.3712379038333893 0.1670905053615569 -0.6735633611679077 -1.116744130965367e-16 0.41043296456336975 -0.9118907451629639 3.6759490966796875 0.0 0.0 0.0 1.0 " />
		</transform>
	</sensor>
	<sensor type="perspective">
		<string name="fov_axis" value="x" />
		<float name="fov" value="39.597755335771296" />
		<float name="near_clip" value="0.1" />
		<float name="far_clip" value="1000" />
		<transform name="to_world">
			<matrix value="0.8667735457420349 0.43801936507225037 0.238417088985443 -0.9610900282859802 0.4987021088600158 -0.7613034248352051 -0.41438296437263494 1.670431137084961 -1.4901164854124375e-08 0.4780752956867218 -0.8783188462257385 3.540616512298584 0.0 0.0 0.0 1.0 " />
		</transform>
	</sensor>
	<sensor type="perspective">
		<string name="fov_axis" value="x" />
		<float name="fov" value="39.597755335771296" />
		<float name="near_clip" value="0.1" />
		<float name="far_clip" value="1000" />
		<transform name="to_world">
			<matrix value="0.856391966342926 -0.4821973741054535 -0.18460367619991314 0.7441612482070923 -0.5163262486457825 -0.7997848987579346 -0.30618837475776667 1.2342848777770996 -1.4901161308217483e-08 0.3575330078601837 -0.9339004755020142 3.7646732330322266 0.0 0.0 0.0 1.0 " />
		</transform>
	</sensor>
	<sensor type="perspective">
		<string name="fov_axis" value="x" />
		<float name="fov" value="39.597755335771296" />
		<float name="near_clip" value="0.1" />
		<float name="far_clip" value="1000" />
		<transform name="to_world">
			<matrix value="-0.3396930098533629 0.579878568649292 0.7405062913894653 -2.985076427459717 0.940536379814148 0.20943443477153778 0.2674482464790343 -1.0781183242797852 -1.4901159492995225e-08 0.7873234748840332 -0.616540253162384 2.4853532314300537 0.0 0.0 0.0 1.0 " />
		</transform>
	</sensor>
	<sensor type="perspective">
		<string name="fov_axis" value="x" />
		<float name="fov" value="39.597755335771296" />
		<float name="near_clip" value="0.1" />
		<float name="far_clip" value="1000" />
		<transform name="to_world">
			<matrix value="-0.8154039978981017 0.14514176547527313 0.5604017972946168 -2.25905179977417 0.5788923501968385 0.20444072782993317 0.7893590331077575 -3.1820080280303955 1.4901161163142914e-08 0.9680588245391846 -0.2507232427597046 1.0106977224349976 0.0 0.0 0.0 1.0 " />
		</transform>
	</sensor>
	<sensor type="perspective">
		<string name="fov_axis" value="x" />
		<float name="fov" value="39.597755335771296" />
		<float name="near_clip" value="0.1" />
		<float name="far_clip" value="1000" />
		<transform name="to_world">
			<matrix value="0.38771894574165344 -0.921513020992279 -0.022083932533860255 0.0890231728553772 -0.921777606010437 -0.3876076638698578 -0.009288963861763365 0.037445008754730225 -9.313226415338584e-10 0.02395581640303135 -0.9997129440307617 4.029971599578857 0.0 0.0 0.0 1.0 " />
		</transform>
	</sensor>
	<sensor type="perspective">
		<string name="fov_axis" value="x" />
		<float name="fov" value="39.597755335771296" />
		<float name="near_clip" value="0.1" />
		<float name="far_clip" value="1000" />
		<transform name="to_world">
			<matrix value="-0.5903539657592773 0.7669787406921387 0.25144743919372564 -1.0136170387268066 0.8071444630622864 0.5609763264656067 0.18391130864620198 -0.7413702011108398 -1.1637050140266634e-16 0.3115271329879761 -0.9502372145652771 3.830528736114502 0.0 0.0 0.0 1.0 " />
		</transform>
	</sensor>
	<sensor type="perspective">
		<string name="fov_axis" value="x" />
		<float name="fov" value="39.597755335771296" />
		<float name="near_clip" value="0.1" />
		<float name="far_clip" value="1000" />
		<transform name="to_world">
			<matrix value="0.422181397676468 0.22305302321910858 0.8786411285400391 -3.5419156551361084 0.9065114259719849 -0.10388047248125076 -0.40920162200927745 1.6495444774627686 -3.0133233297665153e-17 0.9692555069923401 -0.24605651199817657 0.9918855428695679 0.0 0.0 0.0 1.0 " />
		</transform>
	</sensor>
	<sensor type="perspective">
		<string name="fov_axis" value="x" />
		<float name="fov" value="39.597755335771296" />
		<float name="near_clip" value="0.1" />
		<float name="far_clip" value="1000" />
		<transform name="to_world">
			<matrix value="0.8108186721801757 -0.20059384405612946 -0.5498501658439637 2.2165169715881348 -0.5852974057197572 -0.27788475155830383 -0.7617132067680358 3.070564031600952 1.4901160263697993e-08 0.939437210559845 -0.34272119402885437 1.381553292274475 0.0 0.0 0.0 1.0 " />
		</transform>
	</sensor>
	<sensor type="perspective">
		<string name="fov_axis" value="x" />
		<float name="fov" value="39.597755335771296" />
		<float name="near_clip" value="0.1" />
		<float name="far_clip" value="1000" />
		<transform name="to_world">
			<matrix value="-0.9783369302749634 -0.17395949363708496 -0.11222725361585605 0.4524025321006775 -0.2070189863443374 0.8221033215522766 0.5303671360015869 -2.1379783153533936 -1.0290791734584702e-16 0.5421109795570374 -0.8403068780899048 3.387385368347168 0.0 0.0 0.0 1.0 " />
		</transform>
	</sensor>
	<sensor type="perspective">
		<string name="fov_axis" value="x" />
		<float name="fov" value="39.597755335771296" />
		<float name="near_clip" value="0.1" />
		<float name="far_clip" value="1000" />
		<transform name="to_world">
			<matrix value="-0.9602863192558289 0.15990310907363892 0.22865088284015667 -0.9217212200164795 0.27901655435562145 0.5503356456756592 0.7869436740875244 -3.172271490097046 -7.018394548910556e-17 0.8194886445999146 -0.5730953812599182 2.3102214336395264 0.0 0.0 0.0 1.0 " />
		</transform>
	</sensor>
	<sensor type="perspective">
		<string name="fov_axis" value="x" />
		<float name="fov" value="39.597755335771296" />
		<float name="near_clip" value="0.1" />
		<float name="far_clip" value="1000" />
		<transform name="to_world">
			<matrix value="-0.8122538924217224 0.4458027780056 0.37616950273513805 -1.5163878202438354 0.583303987979889 0.620782732963562 0.523818016052246 -2.1115779876708984 -1.490116039926552e-08 0.6448943614959717 -0.76427161693573 3.0808775424957275 0.0 0.0 0.0 1.0 " />
		</transform>
	</sensor>
	<sensor type="perspective">
		<string name="fov_axis" value="x" />
		<float name="fov" value="39.597755335771296" />
		<float name="near_clip" value="0.1" />
		<float name="far_clip" value="1000" />
		<transform name="to_world">
			<matrix value="-0.6118249893188477 -0.7909644842147827 -0.006733402144163772 0.027143210172653198 -0.7909932136535645 0.6118027567863464 0.005208216141909458 -0.020994991064071655 -1.2246024718436687e-16 0.008514356799423695 -0.9999637603759766 4.030982494354248 0.0 0.0 0.0 1.0 " />
		</transform>
	</sensor>
	<sensor type="perspective">
		<string name="fov_axis" value="x" />
		<float name="fov" value="39.597755335771296" />
		<float name="near_clip" value="0.1" />
		<float name="far_clip" value="1000" />
		<transform name="to_world">
			<matrix value="-0.6896766424179077 0.7120565176010132 0.13161189854145058 -0.5305445194244385 0.7241175770759583 0.678189218044281 0.12535208463668815 -0.5053104162216187 -7.450580717348722e-09 0.18175464868545532 -0.9833438396453857 3.9639856815338135 0.0 0.0 0.0 1.0 " />
		</transform>
	</sensor>
	<sensor type="perspective">
		<string name="fov_axis" value="x" />
		<float name="fov" value="39.597755335771296" />
		<float name="near_clip" value="0.1" />
		<float name="far_clip" value="1000" />
		<transform name="to_world">
			<matrix value="-0.8772726655006409 -0.28429341316223145 -0.38674262166023243 1.5590094327926636 -0.47999224066734303 0.5195976495742798 0.706842064857483 -2.8493714332580566 1.4901160233134943e-08 0.8057267069816589 -0.5922874212265015 2.387587070465088 0.0 0.0 0.0 1.0 " />
		</transform>
	</sensor>
	<sensor type="perspective">
		<string name="fov_axis" value="x" />
		<float name="fov" value="39.597755335771296" />
		<float name="near_clip" value="0.1" />
		<float name="far_clip" value="1000" />
		<transform name="to_world">
			<matrix value="-0.6874470710754393 0.349439799785614 0.6366383433341981 -2.566371202468872 0.7262344956398011 0.330776572227478 0.602636158466339 -2.4293041229248047 1.4901161134921748e-08 0.8766292333602905 -0.4811665415763855 1.9396443367004395 0.0 0.0 0.0 1.0 " />
		</transform>
	</sensor>
	<sensor type="perspective">
		<string name="fov_axis" value="x" />
		<float name="fov" value="39.597755335771296" />
		<float name="near_clip" value="0.1" />
		<float name="far_clip" value="1000" />
		<transform name="to_world">
			<matrix value="0.9961003065109253 0.06992259621620178 0.053806412965059155 -0.21690058708190918 0.08822868019342416 -0.7894248962402344 -0.6074734926223755 2.4488039016723633 -3.725290839606287e-09 0.6098517179489136 -0.7925155162811279 3.194732189178467 0.0 0.0 0.0 1.0 " />
		</transform>
	</sensor>
	<sensor type="perspective">
		<string name="fov_axis" value="x" />
		<float name="fov" value="39.597755335771296" />
		<float name="near_clip" value="0.1" />
		<float name="far_clip" value="1000" />
		<transform name="to_world">
			<matrix value="0.9952996373176575 -0.04463791847229004 -0.08594268560409558 0.34644603729248047 -0.09684363007545482 -0.4587612450122833 -0.8832663297653198 3.560560464859009 -3.72529035490929e-09 0.887437641620636 -0.4609277844429016 1.858059287071228 0.0 0.0 0.0 1.0 " />
		</transform>
	</sensor>
	<sensor type="perspective">
		<string name="fov_axis" value="x" />
		<float name="fov" value="39.597755335771296" />
		<float name="near_clip" value="0.1" />
		<float name="far_clip" value="1000" />
		<transform name="to_world">
			<matrix value="-0.5162636041641236 -0.13490000367164612 -0.845738649368286 3.4092817306518555 -0.8564297556877135 0.0813189372420311 0.5098188519477845 -2.055145740509033 -1.9289948777932158e-17 0.9875166416168213 -0.15751437842845917 0.6349608302116394 0.0 0.0 0.0 1.0 " />
		</transform>
	</sensor>
	<sensor type="perspective">
		<string name="fov_axis" value="x" />
		<float name="fov" value="39.597755335771296" />
		<float name="near_clip" value="0.1" />
		<float name="far_clip" value="1000" />
		<transform name="to_world">
			<matrix value="0.9996716380119324 0.022611305117607117 0.01205595117062318 -0.04859909042716026 0.025624539703130663 -0.8821184635162354 -0.4703301191329956 1.8959612846374512 -1.0806384269004934e-16 0.47048455476760864 -0.8824082016944885 3.557101011276245 0.0 0.0 0.0 1.0 " />
		</transform>
	</sensor>
	<sensor type="perspective">
		<string name="fov_axis" value="x" />
		<float name="fov" value="39.597755335771296" />
		<float name="near_clip" value="0.1" />
		<float name="far_clip" value="1000" />
		<transform name="to_world">
			<matrix value="-0.17833800613880146 0.22051218152046204 0.9589420557022095 -3.86561918258667 0.9839693307876587 0.0399664007127285 0.17380200326442707 -0.7006182670593262 -3.725290325906831e-09 0.9745650291442871 -0.22410474717617035 0.9033951163291931 0.0 0.0 0.0 1.0 " />
		</transform>
	</sensor>
	<sensor type="perspective">
		<string name="fov_axis" value="x" />
		<float name="fov" value="39.597755335771296" />
		<float name="near_clip" value="0.1" />
		<float name="far_clip" value="1000" />
		<transform name="to_world">
			<matrix value="0.9027246236801147 -0.24642638862133026 -0.3526505529880525 1.4215798377990723 -0.43021905422210704 -0.5170742273330688 -0.7399633526802063 2.9828877449035645 -1.4901163040351403e-08 0.8197000622749329 -0.5727929472923279 2.309002161026001 0.0 0.0 0.0 1.0 " />
		</transform>
	</sensor>
	<sensor type="perspective">
		<string name="fov_axis" value="x" />
		<float name="fov" value="39.597755335771296" />
		<float name="near_clip" value="0.1" />
		<float name="far_clip" value="1000" />
		<transform name="to_world">
