<scene>
	<!--Cameras-->
	<sensor type="perspective">
		<string name="fov_axis" value="x" />
		<float name="fov" value="35.48934190849526" />
		<float name="near_clip" value="0.1" />
		<float name="far_clip" value="1000" />
		<transform name="to_world">
			<matrix value="-0.221700370311737 0.8421244025230408 0.4916049838066101 -1.9817228317260742 0.9751149415969849 0.1914638727903366 0.11177042126655566 -0.45056092739105225 -1.0576243116314693e-16 0.5041508078575134 -0.8636157512664795 3.4813458919525146 0.0 0.0 0.0 1.0 " />
		</transform>
		<sampler type="independent">
			<integer name="sample_count" value="1" />
		</sampler>
		<film type="hdrfilm">
			<integer name="width" value="800" />
			<integer name="height" value="800" />
		</film>
	</sensor>
	<sensor type="perspective">
		<string name="fov_axis" value="x" />
		<float name="fov" value="35.48934190849526" />
		<float name="near_clip" value="0.1" />
		<float name="far_clip" value="1000" />
		<transform name="to_world">
			<matrix value="-0.03904011100530617 0.7863055467605591 0.6166033148765564 -2.485607147216797 0.9992378354072571 0.030720870941877365 0.02409062534570682 -0.09711240231990814 -9.636813040684551e-17 0.6170737743377686 -0.7869054675102234 3.172116994857788 0.0 0.0 0.0 1.0 " />
		</transform>
	</sensor>
	<sensor type="perspective">
		<string name="fov_axis" value="x" />
		<float name="fov" value="35.48934190849526" />
		<float name="near_clip" value="0.1" />
		<float name="far_clip" value="1000" />
		<transform name="to_world">
			<matrix value="-0.27897968888282776 -0.9595481157302856 -0.037916418164968456 0.15284594893455505 -0.960297167301178 0.2787621021270752 0.011015247553587078 -0.04440388083457947 -1.2236920826858107e-16 0.03948478400707245 -0.9992203712463379 4.027985572814941 0.0 0.0 0.0 1.0 " />
		</transform>
	</sensor>
	<sensor type="perspective">
		<string name="fov_axis" value="x" />
		<float name="fov" value="35.48934190849526" />
		<float name="near_clip" value="0.1" />
		<float name="far_clip" value="1000" />
		<transform name="to_world">
			<matrix value="0.7553181648254393 -0.33101558685302734 -0.565617859363556 2.280078172683716 -0.6553586125373841 -0.38150420784950256 -0.6518895030021666 2.627850294113159 1.4901162908348707e-08 0.8630663752555847 -0.5050908327102661 2.036086082458496 0.0 0.0 0.0 1.0 " />
		</transform>
	</sensor>
	<sensor type="perspective">
		<string name="fov_axis" value="x" />
		<float name="fov" value="35.48934190849526" />
		<float name="near_clip" value="0.1" />
		<float name="far_clip" value="1000" />
		<transform name="to_world">
			<matrix value="-0.9510930180549622 0.28062090277671814 0.129129320383072 -0.5205368995666504 0.3089053332805634 0.8640077710151672 0.39757812023162836 -1.6026884317398071 -1.1125142375305084e-16 0.4180225729942322 -0.9084367752075195 3.6620254516601562 0.0 0.0 0.0 1.0 " />
		</transform>
	</sensor>
	<sensor type="perspective">
		<string name="fov_axis" value="x" />
		<float name="fov" value="35.48934190849526" />
		<float name="near_clip" value="0.1" />
		<float name="far_clip" value="1000" />
		<transform name="to_world">
			<matrix value="0.08179007470607755 -0.9763725399971008 -0.20001797378063202 0.806298017501831 -0.9966498017311096 -0.08012602478265762 -0.016414476558565972 0.06616885960102081 -1.862645713293297e-09 0.20069023966789246 -0.9796549081802368 3.9491143226623535 0.0 0.0 0.0 1.0 " />
		</transform>
	</sensor>
	<sensor type="perspective">
		<string name="fov_axis" value="x" />
		<float name="fov" value="35.48934190849526" />
		<float name="near_clip" value="0.1" />
		<float name="far_clip" value="1000" />
		<transform name="to_world">
			<matrix value="0.1076582819223405 0.4600231349468231 0.8813561201095581 -3.5528597831726074 0.994188129901886 -0.04981481656432152 -0.09543997049331678 0.3847307562828064 -5.666594025139275e-17 0.8865084648132324 -0.46271249651908875 1.8652534484863281 0.0 0.0 0.0 1.0 " />
		</transform>
	</sensor>
	<sensor type="perspective">
		<string name="fov_axis" value="x" />
		<float name="fov" value="35.48934190849526" />
		<float name="near_clip" value="0.1" />
		<float name="far_clip" value="1000" />
		<transform name="to_world">
			<matrix value="-0.9275531768798828 -0.3422110676765442 -0.15012326836585987 0.6051661968231201 -0.37369158864021296 0.8494142889976501 0.3726263046264649 -1.5021045207977295 -1.1214802422329507e-16 0.401730477809906 -0.9157580733299255 3.6915383338928223 0.0 0.0 0.0 1.0 " />
		</transform>
	</sensor>
	<sensor type="perspective">
		<string name="fov_axis" value="x" />
		<float name="fov" value="35.48934190849526" />
		<float name="near_clip" value="0.1" />
		<float name="far_clip" value="1000" />
		<transform name="to_world">
			<matrix value="0.27983766794204723 0.319762647151947 0.9052308797836304 -3.649101972579956 0.9600474834442139 -0.09320541471242905 -0.26385954022407543 1.06365168094635 -7.450582414069938e-09 0.9429023265838623 -0.33306965231895447 1.342646598815918 0.0 0.0 0.0 1.0 " />
		</transform>
	</sensor>
	<sensor type="perspective">
		<string name="fov_axis" value="x" />
		<float name="fov" value="35.48934190849526" />
		<float name="near_clip" value="0.1" />
		<float name="far_clip" value="1000" />
		<transform name="to_world">
			<matrix value="0.899284303188324 0.09410770982503891 0.4271202981472014 -1.7217767238616943 0.4373648762702941 -0.19349882006645203 -0.8782200217247009 3.540217638015747 -2.635071124112669e-17 0.976576566696167 -0.21516987681388855 0.8673774003982544 0.0 0.0 0.0 1.0 " />
		</transform>
	</sensor>
	<sensor type="perspective">
		<string name="fov_axis" value="x" />
		<float name="fov" value="35.48934190849526" />
		<float name="near_clip" value="0.1" />
		<float name="far_clip" value="1000" />
		<transform name="to_world">
			<matrix value="-0.8059674501419067 0.5537431240081787 0.20924931764602672 -0.8435108661651611 0.591960072517395 0.7539342045783997 0.28489780426025385 -1.1484596729278564 -1.1455838025132825e-16 0.3534855842590332 -0.9354401230812073 3.7708792686462402 0.0 0.0 0.0 1.0 " />
		</transform>
	</sensor>
	<sensor type="perspective">
		<string name="fov_axis" value="x" />
		<float name="fov" value="35.48934190849526" />
		<float name="near_clip" value="0.1" />
		<float name="far_clip" value="1000" />
		<transform name="to_world">
			<matrix value="0.7359381914138794 -0.5744357109069824 -0.35835567116737377 1.4445778131484985 -0.6770488619804382 -0.6243997812271118 -0.3895252346992492 1.5702261924743652 -1.490116485046535e-08 0.5292906761169434 -0.8484406471252441 3.420173168182373 0.0 0.0 0.0 1.0 " />
		</transform>
	</sensor>
	<sensor type="perspective">
		<string name="fov_axis" value="x" />
		<float name="fov" value="35.48934190849526" />
		<float name="near_clip" value="0.1" />
		<float name="far_clip" value="1000" />
		<transform name="to_world">
			<matrix value="-0.3493795692920686 -0.14126531779766083 -0.9262711405754089 3.7339179515838623 -0.9369814991950989 0.05267469957470894 0.3453859090805055 -1.392295002937317 -1.8463561852503815e-17 0.988569438457489 -0.15076641738414764 0.6077588200569153 0.0 0.0 0.0 1.0 " />
		</transform>
	</sensor>
	<sensor type="perspective">
		<string name="fov_axis" value="x" />
		<float name="fov" value="35.48934190849526" />
		<float name="near_clip" value="0.1" />
		<float name="far_clip" value="1000" />
		<transform name="to_world">
			<matrix value="-0.4784345030784606 0.2769165337085724 0.8333174586296083 -3.3592095375061035 0.8781234025955201 0.15087448060512543 0.4540225565433501 -1.8302232027053833 1.4901162931585206e-08 0.9489752650260925 -0.31535041332244873 1.2712180614471436 0.0 0.0 0.0 1.0 " />
		</transform>
	</sensor>
	<sensor type="perspective">
		<string name="fov_axis" value="x" />
		<float name="fov" value="35.48934190849526" />
		<float name="near_clip" value="0.1" />
		<float name="far_clip" value="1000" />
		<transform name="to_world">
			<matrix value="0.9741113185882568 -0.07121199369430542 -0.2145608961582185 0.8649224042892456 -0.22606973350048076 -0.30684515833854675 -0.9245209097862244 3.7268619537353516 -3.8576404762310474e-17 0.9490917325019836 -0.3150002360343933 1.2698062658309937 0.0 0.0 0.0 1.0 " />
		</transform>
	</sensor>
	<sensor type="perspective">
		<string name="fov_axis" value="x" />
		<float name="fov" value="35.48934190849526" />
		<float name="near_clip" value="0.1" />
		<float name="far_clip" value="1000" />
		<transform name="to_world">
			<matrix value="-0.8871619701385498 0.35788071155548096 0.29131653904914867 -1.1743344068527222 0.4614585638046265 0.688031792640686 0.5600610375404357 -2.2576780319213867 -9.497659707531677e-17 0.6312952637672424 -0.7755427360534668 3.126312255859375 0.0 0.0 0.0 1.0 " />
		</transform>
	</sensor>
	<sensor type="perspective">
		<string name="fov_axis" value="x" />
		<float name="fov" value="35.48934190849526" />
		<float name="near_clip" value="0.1" />
		<float name="far_clip" value="1000" />
		<transform name="to_world">
			<matrix value="0.5017755627632142 0.6826261281967163 0.5312654972076415 -2.141599416732788 0.8649981021881104 -0.3959837257862091 -0.3081811070442201 1.2423176765441895 -9.664486038891379e-17 0.6141812205314636 -0.7891651391983032 3.1812260150909424 0.0 0.0 0.0 1.0 " />
		</transform>
	</sensor>
	<sensor type="perspective">
		<string name="fov_axis" value="x" />
		<float name="fov" value="35.48934190849526" />
		<float name="near_clip" value="0.1" />
		<float name="far_clip" value="1000" />
		<transform name="to_world">
			<matrix value="0.2966540455818175 -0.3159427344799042 -0.9012085199356079 3.632887363433838 -0.9549852013587952 -0.09814361482858658 -0.27994900941848744 1.1285104751586914 -4.051563513109854e-17 0.9436886310577393 -0.3308352530002594 1.33363938331604 0.0 0.0 0.0 1.0 " />
		</transform>
	</sensor>
	<sensor type="perspective">
		<string name="fov_axis" value="x" />
		<float name="fov" value="35.48934190849526" />
		<float name="near_clip" value="0.1" />
		<float name="far_clip" value="1000" />
		<transform name="to_world">
			<matrix value="-0.9446200728416443 0.2651959955692291 0.1932983547449113 -0.7792104482650757 0.3281663358211518 0.7633612155914307 0.5564053058624268 -2.242941379547119 -9.89654914046924e-17 0.5890254974365234 -0.8081145286560059 3.25761342048645 0.0 0.0 0.0 1.0 " />
		</transform>
	</sensor>
	<sensor type="perspective">
		<string name="fov_axis" value="x" />
		<float name="fov" value="35.48934190849526" />
		<float name="near_clip" value="0.1" />
		<float name="far_clip" value="1000" />
		<transform name="to_world">
			<matrix value="-0.9137531518936157 0.23738273978233337 0.3297046124935151 -1.329081654548645 0.40627053380012523 0.5339034199714661 0.7415468096733093 -2.9892704486846924 -7.155579946552217e-17 0.8115397691726685 -0.5842974185943604 2.3553779125213623 0.0 0.0 0.0 1.0 " />
		</transform>
	</sensor>
	<sensor type="perspective">
		<string name="fov_axis" value="x" />
		<float name="fov" value="35.48934190849526" />
		<float name="near_clip" value="0.1" />
		<float name="far_clip" value="1000" />
		<transform name="to_world">
			<matrix value="0.9377964735031128 0.09749115258455276 0.3332168459892272 -1.3432399034500122 0.3471858501434325 -0.2633369266986847 -0.9000643491744995 3.628274917602539 -7.45058151949082e-09 0.9597651958465576 -0.28080397844314575 1.131956934928894 0.0 0.0 0.0 1.0 " />
		</transform>
	</sensor>
	<sensor type="perspective">
		<string name="fov_axis" value="x" />
		<float name="fov" value="35.48934190849526" />
		<float name="near_clip" value="0.1" />
		<float name="far_clip" value="1000" />
		<transform name="to_world">
			<matrix value="0.676866590976715 -0.5490877032279968 -0.4902596771717072 1.97629976272583 -0.7361058592796326 -0.5048990249633789 -0.45080524682998646 1.817253828048706 -1.490116306155529e-08 0.6660179495811462 -0.7459357976913452 3.0069632530212402 0.0 0.0 0.0 1.0 " />
		</transform>
	</sensor>
	<sensor type="perspective">
		<string name="fov_axis" value="x" />
		<float name="fov" value="35.48934190849526" />
		<float name="near_clip" value="0.1" />
		<float name="far_clip" value="1000" />
		<transform name="to_world">
			<matrix value="0.7047875523567199 -0.43479853868484497 -0.5605576634407045 2.2596800327301025 -0.7094185352325441 -0.43196025490760803 -0.5568984150886535 2.244929075241089 -7.505790713550688e-17 0.7901651263237 -0.6128942966461182 2.470655679702759 0.0 0.0 0.0 1.0 " />
		</transform>
	</sensor>
	<sensor type="perspective">
		<string name="fov_axis" value="x" />
		<float name="fov" value="35.48934190849526" />
		<float name="near_clip" value="0.1" />
		<float name="far_clip" value="1000" />
		<transform name="to_world">
			<matrix value="-0.9131932258605957 -0.09511951357126236 -0.39627104997634877 1.5974195003509521 -0.40752726793289173 0.21314522624015808 0.8879700899124146 -3.579521417617798 -2.85840607402456e-17 0.9723792672157288 -0.23340655863285065 0.9408918023109436 0.0 0.0 0.0 1.0 " />
		</transform>
	</sensor>
	<sensor type="perspective">
		<string name="fov_axis" value="x" />
		<float name="fov" value="35.48934190849526" />
		<float name="near_clip" value="0.1" />
		<float name="far_clip" value="1000" />
		<transform name="to_world">
			<matrix value="0.6852406859397888 0.6690137982368469 0.28786420822143544 -1.1604175567626953 0.7283167839050293 -0.6294451951980591 -0.27083855867385875 1.091784954071045 1.4901164634068266e-08 0.3952459692955017 -0.9185755848884583 3.7028956413269043 0.0 0.0 0.0 1.0 " />
		</transform>
	</sensor>
	<sensor type="perspective">
		<string name="fov_axis" value="x" />
		<float name="fov" value="35.48934190849526" />
		<float name="near_clip" value="0.1" />
		<float name="far_clip" value="1000" />
		<transform name="to_world">
			<matrix value="-0.7774465084075929 -0.25859972834587097 -0.5733266472816466 2.3111534118652344 -0.6289493441581725 0.31965598464012146 0.7086910009384156 -2.8568246364593506 -1.4901164796914095e-08 0.9115626215934753 -0.41116148233413696 1.657444715499878 0.0 0.0 0.0 1.0 " />
		</transform>
	</sensor>
	<sensor type="perspective">
		<string name="fov_axis" value="x" />
		<float name="fov" value="35.48934190849526" />
		<float name="near_clip" value="0.1" />
		<float name="far_clip" value="1000" />
		<transform name="to_world">
			<matrix value="0.576665759086609 0.13350465893745422 0.8059983253479003 -3.2490828037261963 0.8169804215431212 -0.09423430263996124 -0.5689141154289247 2.293365955352783 -2.0012243520965176e-17 0.9865578413009644 -0.16341236233711243 0.6587362289428711 0.0 0.0 0.0 1.0 " />
		</transform>
	</sensor>
	<sensor type="perspective">
		<string name="fov_axis" value="x" />
		<float name="fov" value="35.48934190849526" />
		<float name="near_clip" value="0.1" />
		<float name="far_clip" value="1000" />
		<transform name="to_world">
			<matrix value="-0.34237429499626154 0.6553047895431519 0.6733168959617615 -2.7142269611358643 0.9395637512207031 0.23879119753837585 0.2453547567129134 -0.9890565276145935 -8.541379549059974e-17 0.7166271209716797 -0.6974565386772156 2.811537027359009 0.0 0.0 0.0 1.0 " />
		</transform>
	</sensor>
	<sensor type="perspective">
		<string name="fov_axis" value="x" />
		<float name="fov" value="35.48934190849526" />
		<float name="near_clip" value="0.1" />
		<float name="far_clip" value="1000" />
		<transform name="to_world">
			<matrix value="-0.999589204788208 0.023715978488326073 0.01610306650400174 -0.06491353362798691 0.02866629883646972 0.8269723653793335 0.5615113377571106 -2.263524293899536 -1.0131657578453919e-16 0.5617421269416809 -0.8273125886917114 3.335003137588501 0.0 0.0 0.0 1.0 " />
		</transform>
	</sensor>
	<sensor type="perspective">
		<string name="fov_axis" value="x" />
		<float name="fov" value="35.48934190849526" />
		<float name="near_clip" value="0.1" />
		<float name="far_clip" value="1000" />
		<transform name="to_world">
			<matrix value="0.38991117477416987 -0.870246946811676 -0.3010640442371369 1.213627815246582 -0.9208526611328125 -0.3684834837913513 -0.12747776508331288 0.5138792395591736 7.45058225754603e-09 0.3269403874874115 -0.945044994354248 3.8095977306365967 0.0 0.0 0.0 1.0 " />
		</transform>
	</sensor>
	<sensor type="perspective">
		<string name="fov_axis" value="x" />
		<float name="fov" value="35.48934190849526" />
		<float name="near_clip" value="0.1" />
		<float name="far_clip" value="1000" />
		<transform name="to_world">
			<matrix value="0.5354089736938478 0.5987991690635681 0.5956315994262694 -2.4010674953460693 0.8445931077003479 -0.37959399819374084 -0.3775859773159028 1.5220974683761597 1.490116288337954e-08 0.7052291631698608 -0.7089795470237732 2.857987642288208 0.0 0.0 0.0 1.0 " />
		</transform>
	</sensor>
	<sensor type="perspective">
		<string name="fov_axis" value="x" />
		<float name="fov" value="35.48934190849526" />
		<float name="near_clip" value="0.1" />
		<float name="far_clip" value="1000" />
		<transform name="to_world">
			<matrix value="-0.6151498556137084 0.11093602329492569 0.7805665731430055 -3.14656400680542 0.7884104847908021 0.08655679225921631 0.6090297698974608 -2.4550771713256836 -1.723182108876428e-17 0.9900511503219604 -0.14070849120616913 0.5672140121459961 0.0 0.0 0.0 1.0 " />
		</transform>
	</sensor>
	<sensor type="perspective">
		<string name="fov_axis" value="x" />
		<float name="fov" value="35.48934190849526" />
		<float name="near_clip" value="0.1" />
		<float name="far_clip" value="1000" />
		<transform name="to_world">
			<matrix value="-0.9322690963745117 -0.09736837446689606 -0.34841617941856373 1.4045103788375854 -0.3617657124996184 0.2509179711341858 0.8978674411773682 -3.6194188594818115 -7.450580629884904e-09 0.9630991220474243 -0.2691476047039032 1.0849685668945312 0.0 0.0 0.0 1.0 " />
		</transform>
	</sensor>
	<sensor type="perspective">
		<string name="fov_axis" value="x" />
		<float name="fov" value="35.48934190849526" />
		<float name="near_clip" value="0.1" />
		<float name="far_clip" value="1000" />
		<transform name="to_world">
			<matrix value="0.29668158292770397 0.5477712154388428 0.782257616519928 -3.153380870819092 0.9549766778945923 -0.1701754927635193 -0.2430231273174287 0.9796574115753174 -7.024532668240598e-17 0.8191380500793457 -0.5735965967178345 2.312241554260254 0.0 0.0 0.0 1.0 " />
		</transform>
	</sensor>
	<sensor type="perspective">
		<string name="fov_axis" value="x" />
		<float name="fov" value="35.48934190849526" />
		<float name="near_clip" value="0.1" />
		<float name="far_clip" value="1000" />
		<transform name="to_world">
			<matrix value="0.5300633907318116 0.6120061278343201 0.5869253873825072 -2.365971565246582 0.8479582667350769 -0.3825684189796448 -0.36689031124115 1.4789820909500122 -8.838779423513649e-17 0.6921631693840027 -0.7217410802841187 2.909431219100952 0.0 0.0 0.0 1.0 " />
		</transform>
	</sensor>
	<sensor type="perspective">
		<string name="fov_axis" value="x" />
		<float name="fov" value="35.48934190849526" />
		<float name="near_clip" value="0.1" />
		<float name="far_clip" value="1000" />
		<transform name="to_world">
			<matrix value="-0.5070657134056092 -0.1872873157262802 -0.8413133025169371 3.391441822052002 -0.8619075417518615 0.11018233001232147 0.49494996666908275 -1.9952069520950317 7.450581458491404e-09 0.9761063456535339 -0.21729402244091034 0.8759400844573975 0.0 0.0 0.0 1.0 " />
		</transform>
	</sensor>
	<sensor type="perspective">
		<string name="fov_axis" value="x" />
		<float name="fov" value="35.48934190849526" />
		<float name="near_clip" value="0.1" />
		<float name="far_clip" value="1000" />
		<transform name="to_world">
			<matrix value="-0.742032766342163 0.3987407982349396 0.5388814210891725 -2.172300338745117 0.6703636646270753 0.44137051701545715 0.5964936614036559 -2.4045426845550537 -1.490116481940489e-08 0.8038642406463623 -0.5948127508163452 2.397766590118408 0.0 0.0 0.0 1.0 " />
		</transform>
	</sensor>
	<sensor type="perspective">
		<string name="fov_axis" value="x" />
		<float name="fov" value="35.48934190849526" />
		<float name="near_clip" value="0.1" />
		<float name="far_clip" value="1000" />
		<transform name="to_world">
			<matrix value="0.18962833285331715 -0.2348289042711258 -0.9533607363700867 3.8431196212768555 -0.9818562865257263 -0.045353081077337265 -0.1841249018907546 0.7422311305999756 -2.9289679857628146e-17 0.9709782600402832 -0.23916837573051453 0.9641184210777283 0.0 0.0 0.0 1.0 " />
		</transform>
	</sensor>
	<sensor type="perspective">
		<string name="fov_axis" value="x" />
		<float name="fov" value="35.48934190849526" />
		<float name="near_clip" value="0.1" />
		<float name="far_clip" value="1000" />
		<transform name="to_world">
			<matrix value="-0.7440133690834045 0.6019839644432068 0.2899303734302522 -1.1687465906143188 0.668164849281311 0.6703197956085205 0.3228425979614257 -1.301419973373413 -1.1033472055877887e-16 0.4339204430580139 -0.9009513258934021 3.631850481033325 0.0 0.0 0.0 1.0 " />
		</transform>
	</sensor>
	<sensor type="perspective">
		<string name="fov_axis" value="x" />
		<float name="fov" value="35.48934190849526" />
		<float name="near_clip" value="0.1" />
		<float name="far_clip" value="1000" />
		<transform name="to_world">
			<matrix value="0.15160293877124775 -0.39228954911231995 -0.9072627425193787 3.657292604446411 -0.9884416460990906 -0.060167692601680756 -0.13915207982063282 0.5609399080276489 -4.8603397515413376e-17 0.9178719520568848 -0.39687684178352356 1.5998615026474 0.0 0.0 0.0 1.0 " />
		</transform>
	</sensor>
	<sensor type="perspective">
		<string name="fov_axis" value="x" />
		<float name="fov" value="35.48934190849526" />
		<float name="near_clip" value="0.1" />
		<float name="far_clip" value="1000" />
		<transform name="to_world">
			<matrix value="0.9685715436935425 0.14712664484977722 0.20055672526359547 -0.8084698915481567 0.24873530864715568 -0.5729089379310608 -0.7809649109840393 3.148169755935669 -7.450581557539976e-09 0.8063058257102966 -0.5914989113807678 2.3844082355499268 0.0 0.0 0.0 1.0 " />
		</transform>
	</sensor>
	<sensor type="perspective">
		<string name="fov_axis" value="x" />
		<float name="fov" value="35.48934190849526" />
		<float name="near_clip" value="0.1" />
		<float name="far_clip" value="1000" />
		<transform name="to_world">
			<matrix value="0.699452519416809 -0.5466083288192749 -0.46041911840438854 1.8560086488723755 -0.7146791815757751 -0.5349624752998352 -0.45060962438583363 1.8164652585983276 1.490116287653978e-08 0.6442318558692932 -0.7648304104804993 3.083129405975342 0.0 0.0 0.0 1.0 " />
		</transform>
	</sensor>
	<sensor type="perspective">
		<string name="fov_axis" value="x" />
		<float name="fov" value="35.48934190849526" />
		<float name="near_clip" value="0.1" />
		<float name="far_clip" value="1000" />
		<transform name="to_world">
			<matrix value="0.30854731798171986 -0.30291205644607544 -0.9016890525817871 3.634824275970459 -0.9512091279029846 -0.09825673699378967 -0.2924842834472655 1.1790417432785034 -3.899882109786744e-17 0.947939932346344 -0.3184495270252228 1.2837109565734863 0.0 0.0 0.0 1.0 " />
		</transform>
	</sensor>
	<sensor type="perspective">
		<string name="fov_axis" value="x" />
		<float name="fov" value="35.48934190849526" />
		<float name="near_clip" value="0.1" />
		<float name="far_clip" value="1000" />
		<transform name="to_world">
			<matrix value="0.9199727773666382 -0.1700175404548645 -0.35319170355796825 1.4237611293792725 -0.3919826149940492 -0.39902663230895996 -0.8289316296577454 3.3415298461914062 1.4901162917086964e-08 0.9010393023490906 -0.43373754620552063 1.7484517097473145 0.0 0.0 0.0 1.0 " />
		</transform>
	</sensor>
	<sensor type="perspective">
		<string name="fov_axis" value="x" />
		<float name="fov" value="35.48934190849526" />
		<float name="near_clip" value="0.1" />
		<float name="far_clip" value="1000" />
		<transform name="to_world">
			<matrix value="0.05748918652534479 -0.8878431916236877 -0.4565410315990448 1.840375542640686 -0.9983463883399963 -0.05112592130899429 -0.026289643719792245 0.10597693175077438 -1.0890955129685076e-16 0.45729732513427734 -0.8893139362335205 3.5849387645721436 0.0 0.0 0.0 1.0 " />
		</transform>
	</sensor>
	<sensor type="perspective">
		<string name="fov_axis" value="x" />
		<float name="fov" value="35.48934190849526" />
		<float name="near_clip" value="0.1" />
		<float name="far_clip" value="1000" />
		<transform name="to_world">
			<matrix value="-0.566987693309784 -0.253622829914093 -0.7837095856666564 3.159233808517456 -0.8237264156341552 0.17457376420497894 0.5394432544708253 -2.174565076828003 -3.770651303107044e-17 0.9514196515083313 -0.30789703130722046 1.2411725521087646 0.0 0.0 0.0 1.0 " />
		</transform>
	</sensor>
	<sensor type="perspective">
		<string name="fov_axis" value="x" />
		<float name="fov" value="35.48934190849526" />
		<float name="near_clip" value="0.1" />
		<float name="far_clip" value="1000" />
		<transform name="to_world">
			<matrix value="0.9313777089118958 -0.2628507614135742 -0.2518834173679353 1.0153744220733643 -0.36405462026596075 -0.6724631786346436 -0.6444048881530762 2.5976788997650146 -1.4901163058625117e-08 0.6918836236000061 -0.7220091223716736 2.9105117321014404 0.0 0.0 0.0 1.0 " />
		</transform>
	</sensor>
	<sensor type="perspective">
		<string name="fov_axis" value="x" />
		<float name="fov" value="35.48934190849526" />
		<float name="near_clip" value="0.1" />
		<float name="far_clip" value="1000" />
		<transform name="to_world">
			<matrix value="0.6313618421554567 0.5890619158744812 0.5043694376945494 -2.0331780910491943 0.7754884958267212 -0.47958317399024963 -0.4106310307979585 1.655306339263916 -1.4901161286871974e-08 0.6503893733024597 -0.7596011757850647 3.0620498657226562 0.0 0.0 0.0 1.0 " />
		</transform>
	</sensor>
	<sensor type="perspective">
		<string name="fov_axis" value="x" />
		<float name="fov" value="35.48934190849526" />
		<float name="near_clip" value="0.1" />
		<float name="far_clip" value="1000" />
		<transform name="to_world">
			<matrix value="-0.31626561284065235 0.2618981599807739 0.9118035435676575 -3.6755971908569336 0.9486708641052246 0.08731096982955933 0.3039748668670653 -1.225361704826355 7.450581451293601e-09 0.961138129234314 -0.2760685384273529 1.1128677129745483 0.0 0.0 0.0 1.0 " />
		</transform>
	</sensor>
	<sensor type="perspective">
		<string name="fov_axis" value="x" />
		<float name="fov" value="35.48934190849526" />
		<float name="near_clip" value="0.1" />
		<float name="far_clip" value="1000" />
		<transform name="to_world">
			<matrix value="-0.06493472307920443 0.21849162876605988 0.9736760854721069 -3.925013303756714 0.9978896975517273 0.014217697083950043 0.06335909664630877 -0.2554086446762085 -2.6814103118197738e-17 0.9757351875305176 -0.21895375847816467 0.8826307058334351 0.0 0.0 0.0 1.0 " />
		</transform>
	</sensor>
	<sensor type="perspective">
		<string name="fov_axis" value="x" />
		<float name="fov" value="35.48934190849526" />
		<float name="near_clip" value="0.1" />
		<float name="far_clip" value="1000" />
		<transform name="to_world">
			<matrix value="-0.9272192120552063 0.15697041153907776 0.34003713726997387 -1.370733380317688 0.3745196759700776 0.3886203467845917 0.8418488502502441 -3.3936007022857666 -5.1327977222671173e-17 0.9079287052154541 -0.4191247224807739 1.6895455121994019 0.0 0.0 0.0 1.0 " />
		</transform>
	</sensor>
	<sensor type="perspective">
		<string name="fov_axis" value="x" />
		<float name="fov" value="35.48934190849526" />
		<float name="near_clip" value="0.1" />
		<float name="far_clip" value="1000" />
		<transform name="to_world">
			<matrix value="0.9679657220840454 -0.1509505957365036 -0.20064091682434093 0.808809220790863 -0.2510833740234376 -0.5819381475448608 -0.7735021114349365 3.118086099624634 -7.362543111005234e-17 0.7991006970405579 -0.6011972427368164 2.4235031604766846 0.0 0.0 0.0 1.0 " />
		</transform>
	</sensor>
	<sensor type="perspective">
		<string name="fov_axis" value="x" />
		<float name="fov" value="35.48934190849526" />
		<float name="near_clip" value="0.1" />
		<float name="far_clip" value="1000" />
		<transform name="to_world">
			<matrix value="0.8732231855392456 0.38491055369377136 0.2988736331462859 -1.2047979831695557 0.4873208105564117 -0.6897156834602356 -0.5355473756790162 2.158860206604004 1.49011628734757e-08 0.613299548625946 -0.7898505330085754 3.1839888095855713 0.0 0.0 0.0 1.0 " />
		</transform>
	</sensor>
	<sensor type="perspective">
		<string name="fov_axis" value="x" />
		<float name="fov" value="35.48934190849526" />
		<float name="near_clip" value="0.1" />
		<float name="far_clip" value="1000" />
		<transform name="to_world">
			<matrix value="0.7735539674758912 0.11519736051559448 0.6231727004051207 -2.512089252471924 0.6337307691574096 -0.14061391353607178 -0.7606663703918458 3.0663437843322754 -7.450582395541875e-09 0.9833398461341858 -0.18177653849124908 0.7327646017074585 0.0 0.0 0.0 1.0 " />
		</transform>
	</sensor>
	<sensor type="perspective">
		<string name="fov_axis" value="x" />
		<float name="fov" value="35.48934190849526" />
		<float name="near_clip" value="0.1" />
		<float name="far_clip" value="1000" />
		<transform name="to_world">
			<matrix value="-0.8569991588592529 -0.39509549736976624 -0.3308359086513518 1.3336418867111206 -0.515318214893341 0.6570628881454468 0.5501961112022401 -2.2179110050201416 1.4901162876310556e-08 0.6420031785964966 -0.7667021751403809 3.09067440032959 0.0 0.0 0.0 1.0 " />
		</transform>
	</sensor>
	<sensor type="perspective">
		<string name="fov_axis" value="x" />
		<float name="fov" value="35.48934190849526" />
		<float name="near_clip" value="0.1" />
		<float name="far_clip" value="1000" />
		<transform name="to_world">
			<matrix value="0.37516114115715016 -0.4944649338722229 -0.7840656042098999 3.1606690883636475 -0.9269596934318542 -0.2001209259033203 -0.3173287212848662 1.2791929244995117 -6.532591857275239e-17 0.8458465337753296 -0.5334265828132629 2.15031099319458 0.0 0.0 0.0 1.0 " />
		</transform>
	</sensor>
	<sensor type="perspective">
		<string name="fov_axis" value="x" />
		<float name="fov" value="35.48934190849526" />
		<float name="near_clip" value="0.1" />
		<float name="far_clip" value="1000" />
		<transform name="to_world">
			<matrix value="-0.8560737967491151 -0.17030687630176544 -0.4879891872406005 1.9671471118927002 -0.5168538093566893 0.282082200050354 0.8082648515701295 -3.2582192420959473 1.4901162929851535e-08 0.9441532492637634 -0.32950690388679504 1.328284740447998 0.0 0.0 0.0 1.0 " />
		</transform>
	</sensor>
	<sensor type="perspective">
		<string name="fov_axis" value="x" />
		<float name="fov" value="35.48934190849526" />
		<float name="near_clip" value="0.1" />
		<float name="far_clip" value="1000" />
		<transform name="to_world">
			<matrix value="0.9998169541358948 -0.01824170909821987 -0.00579744949936879 0.02337026223540306 -0.019140807911753693 -0.9528526663780212 -0.3028288185596466 1.2207417488098145 -1.1671221851328185e-16 0.30288445949554443 -0.9530275464057922 3.841775894165039 0.0 0.0 0.0 1.0 " />
		</transform>
	</sensor>
	<sensor type="perspective">
		<string name="fov_axis" value="x" />
		<float name="fov" value="35.48934190849526" />
		<float name="near_clip" value="0.1" />
		<float name="far_clip" value="1000" />
		<transform name="to_world">
			<matrix value="-0.0705941319465636 0.24100859463214874 0.9679522514343262 -3.901939868927002 0.9975053071975708 0.01705634407699108 0.06850264221429812 -0.276142954826355 -1.8626456229090316e-09 0.9703731536865234 -0.24161140620708466 0.9739665985107422 0.0 0.0 0.0 1.0 " />
		</transform>
	</sensor>
	<sensor type="perspective">
		<string name="fov_axis" value="x" />
		<float name="fov" value="35.48934190849526" />
		<float name="near_clip" value="0.1" />
		<float name="far_clip" value="1000" />
		<transform name="to_world">
			<matrix value="0.9913209676742554 -0.0741465762257576 -0.10856033861637128 0.43762072920799255 -0.13146507740020763 -0.5591070652008057 -0.8186062574386597 3.2999074459075928 -6.907033925175132e-17 0.8257733583450317 -0.5640020966529846 2.2735652923583984 0.0 0.0 0.0 1.0 " />
		</transform>
	</sensor>
	<sensor type="perspective">
		<string name="fov_axis" value="x" />
		<float name="fov" value="35.48934190849526" />
		<float name="near_clip" value="0.1" />
		<float name="far_clip" value="1000" />
		<transform name="to_world">
			<matrix value="0.8963611721992493 0.4184960722923279 0.14628034830093373 -0.5896748900413513 0.443324863910675 -0.8461596965789795 -0.2957651019096375 1.1922671794891357 -1.156059628362384e-16 0.32996198534965515 -0.9439942836761475 3.8053622245788574 0.0 0.0 0.0 1.0 " />
		</transform>
	</sensor>
	<sensor type="perspective">
		<string name="fov_axis" value="x" />
		<float name="fov" value="35.48934190849526" />
		<float name="near_clip" value="0.1" />
		<float name="far_clip" value="1000" />
		<transform name="to_world">
			<matrix value="0.39816182851791376 -0.862140953540802 -0.31333756446838384 1.26310396194458 -0.9173153638839722 -0.3742132782936096 -0.13600453734397877 0.548251748085022 -1.150987303780088e-16 0.3415811359882355 -0.9398524165153503 3.788665771484375 0.0 0.0 0.0 1.0 " />
		</transform>
	</sensor>
	<sensor type="perspective">
		<string name="fov_axis" value="x" />
		<float name="fov" value="35.48934190849526" />
		<float name="near_clip" value="0.1" />
		<float name="far_clip" value="1000" />
		<transform name="to_world">
			<matrix value="-0.013298588804900691 -0.9323825240135193 -0.3612288534641266 1.4561599493026733 -0.9999117255210876 0.012400465086102486 0.004804257769137743 -0.019366580992937088 -4.65661512524062e-10 0.36126068234443665 -0.9324648976325989 3.7588858604431152 0.0 0.0 0.0 1.0 " />
		</transform>
	</sensor>
	<sensor type="perspective">
		<string name="fov_axis" value="x" />
		<float name="fov" value="35.48934190849526" />
		<float name="near_clip" value="0.1" />
		<float name="far_clip" value="1000" />
		<transform name="to_world">
			<matrix value="0.36260125041007985 -0.5116689205169678 -0.7789194583892822 3.1399242877960205 -0.9319446086883545 -0.19908030331134796 -0.30306220054626454 1.2216826677322388 -6.723724674016206e-17 0.835800290107727 -0.5490337610244751 2.2132256031036377 0.0 0.0 0.0 1.0 " />
		</transform>
	</sensor>
	<sensor type="perspective">
		<string name="fov_axis" value="x" />
		<float name="fov" value="35.48934190849526" />
		<float name="near_clip" value="0.1" />
		<float name="far_clip" value="1000" />
		<transform name="to_world">
			<matrix value="0.9472180008888245 -0.2983338534832001 -0.11736799776554119 0.4731254577636719 -0.32059058547019964 -0.8814581632614136 -0.34677582979202265 1.3978979587554932 -7.450581599064934e-09 0.3660992681980133 -0.9305759072303772 3.7512710094451904 0.0 0.0 0.0 1.0 " />
		</transform>
	</sensor>
	<sensor type="perspective">
		<string name="fov_axis" value="x" />
		<float name="fov" value="35.48934190849526" />
		<float name="near_clip" value="0.1" />
		<float name="far_clip" value="1000" />
		<transform name="to_world">
			<matrix value="-0.6232486367225646 0.5941138863563538 0.5085175633430482 -2.0498995780944824 0.7820240259170532 0.4734901785850525 0.40527260303497303 -1.6337058544158936 1.4901164653523286e-08 0.6502583622932434 -0.7597132921218872 3.0625016689300537 0.0 0.0 0.0 1.0 " />
		</transform>
	</sensor>
	<sensor type="perspective">
		<string name="fov_axis" value="x" />
		<float name="fov" value="35.48934190849526" />
		<float name="near_clip" value="0.1" />
		<float name="far_clip" value="1000" />
		<transform name="to_world">
			<matrix value="-0.1351168751716615 -0.419048011302948 -0.8978543281555176 3.61936616897583 -0.9908298254013062 0.05714448168873787 0.12243805825710309 -0.49356353282928467 -3.7252907943446715e-09 0.9061641097068787 -0.4229263961315155 1.704870581626892 0.0 0.0 0.0 1.0 " />
		</transform>
	</sensor>
	<sensor type="perspective">
		<string name="fov_axis" value="x" />
		<float name="fov" value="35.48934190849526" />
		<float name="near_clip" value="0.1" />
		<float name="far_clip" value="1000" />
		<transform name="to_world">
			<matrix value="0.8254600167274476 0.16219548881053925 0.5406559705734252 -2.1794533729553223 0.5644609928131102 -0.23719243705272675 -0.7906478047370912 3.1872024536132812 -3.518972351754393e-17 0.9578268527984619 -0.28734588623046875 1.1583280563354492 0.0 0.0 0.0 1.0 " />
		</transform>
	</sensor>
	<sensor type="perspective">
		<string name="fov_axis" value="x" />
		<float name="fov" value="35.48934190849526" />
		<float name="near_clip" value="0.1" />
		<float name="far_clip" value="1000" />
		<transform name="to_world">
			<matrix value="0.9396356344223022 -0.21260777115821838 -0.26811039447784435 1.0807874202728271 -0.34217724204063427 -0.5838314294815063 -0.7362443208694458 2.9678955078125 -1.490116482265333e-08 0.7835424542427063 -0.6213382482528687 2.5046944618225098 0.0 0.0 0.0 1.0 " />
		</transform>
	</sensor>
	<sensor type="perspective">
		<string name="fov_axis" value="x" />
		<float name="fov" value="35.48934190849526" />
		<float name="near_clip" value="0.1" />
		<float name="far_clip" value="1000" />
		<transform name="to_world">
			<matrix value="-0.6171208024024962 0.641292154788971 0.4559676349163056 -1.8380640745162964 0.7868685722351074 0.5029489994049072 0.3576036989688872 -1.4415465593338013 -9.980784225802513e-17 0.5794711709022522 -0.8149928450584412 3.2853407859802246 0.0 0.0 0.0 1.0 " />
		</transform>
	</sensor>
	<sensor type="perspective">
		<string name="fov_axis" value="x" />
		<float name="fov" value="35.48934190849526" />
		<float name="near_clip" value="0.1" />
		<float name="far_clip" value="1000" />
		<transform name="to_world">
			<matrix value="0.9403029084205627 -0.14074622094631195 -0.30987286567688 1.2491374015808105 -0.340339094400406 -0.38885945081710815 -0.8561295866966248 3.4511682987213135 7.450581434457344e-09 0.9104829430580139 -0.41354700922966003 1.6670610904693604 0.0 0.0 0.0 1.0 " />
		</transform>
	</sensor>
	<sensor type="perspective">
		<string name="fov_axis" value="x" />
		<float name="fov" value="35.48934190849526" />
		<float name="near_clip" value="0.1" />
		<float name="far_clip" value="1000" />
		<transform name="to_world">
			<matrix value="-0.0014454561751334717 0.36123916506767273 0.9324721693992615 -3.7589151859283447 0.9999991059303284 0.0005221558385528624 0.0013478487962855664 -0.00543335173279047 2.910379315654316e-11 0.9324731826782227 -0.3612395226955414 1.4562029838562012 0.0 0.0 0.0 1.0 " />
		</transform>
	</sensor>
	<sensor type="perspective">
		<string name="fov_axis" value="x" />
		<float name="fov" value="35.48934190849526" />
		<float name="near_clip" value="0.1" />
		<float name="far_clip" value="1000" />
		<transform name="to_world">
			<matrix value="0.44699186086654674 0.5453322529792786 0.7090917825698853 -2.858440399169922 0.8945382237434387 -0.27249711751937866 -0.3543260991573335 1.4283342361450195 1.4901164671903884e-08 0.7926905155181885 -0.6096243262290955 2.4574742317199707 0.0 0.0 0.0 1.0 " />
		</transform>
	</sensor>
	<sensor type="perspective">
		<string name="fov_axis" value="x" />
		<float name="fov" value="35.48934190849526" />
		<float name="near_clip" value="0.1" />
		<float name="far_clip" value="1000" />
		<transform name="to_world">
			<matrix value="-0.9665830135345459 0.17645148932933807 0.18596354126930248 -0.7496429681777954 0.25635439157485973 0.6653094291687012 0.7011746168136597 -2.8265249729156494 7.450582288986895e-09 0.725415825843811 -0.6883108615875244 2.774669647216797 0.0 0.0 0.0 1.0 " />
		</transform>
	</sensor>
	<sensor type="perspective">
		<string name="fov_axis" value="x" />
		<float name="fov" value="35.48934190849526" />
		<float name="near_clip" value="0.1" />
		<float name="far_clip" value="1000" />
		<transform name="to_world">
