<scene>
	<!--Cameras-->
	<sensor type="perspective">
		<string name="fov_axis" value="x" />
		<float name="fov" value="39.597755335771296" />
		<float name="near_clip" value="0.1" />
		<float name="far_clip" value="1000" />
		<transform name="to_world">
			<matrix value="0.9999021887779236 0.004192245192825794 0.013345719315111514 -0.05379832163453102 0.013988681137561682 -0.2996590733528137 -0.95394366979599 3.845470428466797 4.6566125060650476e-10 0.9540371894836426 -0.29968830943107605 1.2080823183059692 0.0 0.0 0.0 1.0 " />
		</transform>
		<sampler type="independent">
			<integer name="sample_count" value="1" />
		</sampler>
		<film type="hdrfilm">
			<integer name="width" value="800" />
			<integer name="height" value="800" />
		</film>
	</sensor>
	<sensor type="perspective">
		<string name="fov_axis" value="x" />
		<float name="fov" value="39.597755335771296" />
		<float name="near_clip" value="0.1" />
		<float name="far_clip" value="1000" />
		<transform name="to_world">
			<matrix value="0.9305422306060791 0.11707554012537003 0.34696459770202626 -1.398659110069275 0.3661845624446868 -0.29751041531562805 -0.8817007541656494 3.5542497634887695 -7.450580636077898e-09 0.9475130438804626 -0.3197172284126282 1.2888214588165283 0.0 0.0 0.0 1.0 " />
		</transform>
	</sensor>
	<sensor type="perspective">
		<string name="fov_axis" value="x" />
		<float name="fov" value="39.597755335771296" />
		<float name="near_clip" value="0.1" />
		<float name="far_clip" value="1000" />
		<transform name="to_world">
			<matrix value="-0.4429636299610137 0.31377720832824707 0.8398374915122986 -3.385493516921997 0.8965396881103516 0.1550314873456955 0.41494810581207264 -1.6727094650268555 -4.286104052790481e-17 0.936754584312439 -0.3499869406223297 1.4108426570892334 0.0 0.0 0.0 1.0 " />
		</transform>
	</sensor>
	<sensor type="perspective">
		<string name="fov_axis" value="x" />
		<float name="fov" value="39.597755335771296" />
		<float name="near_clip" value="0.1" />
		<float name="far_clip" value="1000" />
		<transform name="to_world">
			<matrix value="-0.7956318259239197 0.5209260582923889 0.30920234322547924 -1.2464345693588257 0.6057805418968201 0.6841840147972107 0.4061062037944793 -1.6370664834976196 1.4901161088537163e-08 0.5104197859764099 -0.859925389289856 3.4664700031280518 0.0 0.0 0.0 1.0 " />
		</transform>
	</sensor>
	<sensor type="perspective">
		<string name="fov_axis" value="x" />
		<float name="fov" value="39.597755335771296" />
		<float name="near_clip" value="0.1" />
		<float name="far_clip" value="1000" />
		<transform name="to_world">
			<matrix value="0.6566542387008666 -0.2367822825908661 -0.7160581946372987 2.8865230083465576 -0.754191815853119 -0.20615987479686737 -0.6234523653984069 2.513216972351074 1.4901162931756095e-08 0.9494377970695496 -0.31395500898361206 1.26559317111969 0.0 0.0 0.0 1.0 " />
		</transform>
	</sensor>
	<sensor type="perspective">
		<string name="fov_axis" value="x" />
		<float name="fov" value="39.597755335771296" />
		<float name="near_clip" value="0.1" />
		<float name="far_clip" value="1000" />
		<transform name="to_world">
			<matrix value="0.12173833698034295 0.6862695217132568 0.7170870900154114 -2.8906705379486084 0.9925621747970581 -0.084171362221241 -0.08795115351676953 0.35454243421554565 -8.467356413949948e-17 0.7224606275558472 -0.691412091255188 2.7871713638305664 0.0 0.0 0.0 1.0 " />
		</transform>
	</sensor>
	<sensor type="perspective">
		<string name="fov_axis" value="x" />
		<float name="fov" value="39.597755335771296" />
		<float name="near_clip" value="0.1" />
		<float name="far_clip" value="1000" />
		<transform name="to_world">
			<matrix value="-0.6570732593536378 -0.5113321542739868 -0.5538899898529052 2.232801914215088 -0.7538267374038695 0.44570285081863403 0.48279836773872387 -1.9462224245071411 1.4901161110777995e-08 0.7347709536552429 -0.6783152222633362 2.7343761920928955 0.0 0.0 0.0 1.0 " />
		</transform>
	</sensor>
	<sensor type="perspective">
		<string name="fov_axis" value="x" />
		<float name="fov" value="39.597755335771296" />
		<float name="near_clip" value="0.1" />
		<float name="far_clip" value="1000" />
		<transform name="to_world">
			<matrix value="-0.9045065641403198 0.42524266242980957 0.03219788148999225 -0.12979382276535034 0.426459938287735 0.9019248485565186 0.06829058378934855 -0.2752881646156311 -1.2211513582296236e-16 0.07550014555454254 -0.9971457123756409 4.019623279571533 0.0 0.0 0.0 1.0 " />
		</transform>
	</sensor>
	<sensor type="perspective">
		<string name="fov_axis" value="x" />
		<float name="fov" value="39.597755335771296" />
		<float name="near_clip" value="0.1" />
		<float name="far_clip" value="1000" />
		<transform name="to_world">
			<matrix value="-0.1599895954132079 0.33046624064445496 0.930158793926239 -3.7495899200439453 0.9871187806129456 0.053561095148324966 0.15075767040252674 -0.607723593711853 -4.0998564023732503e-17 0.9422966837882996 -0.33477866649627686 1.3495359420776367 0.0 0.0 0.0 1.0 " />
		</transform>
	</sensor>
	<sensor type="perspective">
		<string name="fov_axis" value="x" />
		<float name="fov" value="39.597755335771296" />
		<float name="near_clip" value="0.1" />
		<float name="far_clip" value="1000" />
		<transform name="to_world">
			<matrix value="0.23337772488594066 0.44256603717803955 0.8658348917961121 -3.4902923107147217 0.9723862409591675 -0.1062181368470192 -0.2078048586845399 0.8376882672309875 -7.450581540840086e-09 0.8904228806495667 -0.45513397455215454 1.834703803062439 0.0 0.0 0.0 1.0 " />
		</transform>
	</sensor>
	<sensor type="perspective">
		<string name="fov_axis" value="x" />
		<float name="fov" value="39.597755335771296" />
		<float name="near_clip" value="0.1" />
		<float name="far_clip" value="1000" />
		<transform name="to_world">
			<matrix value="-0.521866738796234 0.18684424459934235 0.8323126435279847 -3.3551595211029053 0.8530270457267762 0.1143079623579979 0.5091940164566039 -2.052626848220825 7.450580570099569e-09 0.9757166504859924 -0.21903668344020844 0.882965087890625 0.0 0.0 0.0 1.0 " />
		</transform>
	</sensor>
	<sensor type="perspective">
		<string name="fov_axis" value="x" />
		<float name="fov" value="39.597755335771296" />
		<float name="near_clip" value="0.1" />
		<float name="far_clip" value="1000" />
		<transform name="to_world">
			<matrix value="0.9757387638092041 -0.17523755133152008 -0.13124708831310283 0.52907395362854 -0.2189383804798127 -0.7809780836105347 -0.5849266052246094 2.357914447784424 7.450581387081898e-09 0.5994703769683838 -0.8003968596458435 3.2265028953552246 0.0 0.0 0.0 1.0 " />
		</transform>
	</sensor>
	<sensor type="perspective">
		<string name="fov_axis" value="x" />
		<float name="fov" value="39.597755335771296" />
		<float name="near_clip" value="0.1" />
		<float name="far_clip" value="1000" />
		<transform name="to_world">
			<matrix value="0.9713073372840881 0.20477895438671112 0.12094451487064349 -0.48754292726516724 0.23782765865325922 -0.8363337516784668 -0.49394714832305914 1.9911646842956543 -7.450580702370725e-09 0.5085384249687195 -0.8610392212867737 3.4709601402282715 0.0 0.0 0.0 1.0 " />
		</transform>
	</sensor>
	<sensor type="perspective">
		<string name="fov_axis" value="x" />
		<float name="fov" value="39.597755335771296" />
		<float name="near_clip" value="0.1" />
		<float name="far_clip" value="1000" />
		<transform name="to_world">
			<matrix value="-0.8429085016250611 -0.09502744674682617 -0.5295989513397216 2.1348819732666016 -0.5380570292472838 0.14886793494224548 0.8296582698822023 -3.3444597721099854 -7.450582394909427e-09 0.9842804074287415 -0.17661221325397491 0.7119466662406921 0.0 0.0 0.0 1.0 " />
		</transform>
	</sensor>
	<sensor type="perspective">
		<string name="fov_axis" value="x" />
		<float name="fov" value="39.597755335771296" />
		<float name="near_clip" value="0.1" />
		<float name="far_clip" value="1000" />
		<transform name="to_world">
			<matrix value="0.0634851753711701 0.8717355132102966 0.48584654927253723 -1.9585098028182983 0.9979828596115112 -0.05545414239168167 -0.030906395986676338 0.12458765506744385 -1.0697260931004624e-16 0.4868285059928894 -0.8734976053237915 3.521181106567383 0.0 0.0 0.0 1.0 " />
		</transform>
	</sensor>
	<sensor type="perspective">
		<string name="fov_axis" value="x" />
		<float name="fov" value="39.597755335771296" />
		<float name="near_clip" value="0.1" />
		<float name="far_clip" value="1000" />
		<transform name="to_world">
			<matrix value="0.6865485906600951 -0.3086281418800354 -0.6583309769630433 2.6538169384002686 -0.7270838618278505 -0.2914219796657562 -0.6216287612915038 2.5058655738830566 -5.198306762494802e-17 0.9054401516914368 -0.42447394132614136 1.7111091613769531 0.0 0.0 0.0 1.0 " />
		</transform>
	</sensor>
	<sensor type="perspective">
		<string name="fov_axis" value="x" />
		<float name="fov" value="39.597755335771296" />
		<float name="near_clip" value="0.1" />
		<float name="far_clip" value="1000" />
		<transform name="to_world">
			<matrix value="-0.1303573101758956 0.5973315834999084 0.7913291454315186 -3.1899499893188477 0.9914670586585999 0.07853669673204422 0.1040433347225188 -0.41941213607788086 -7.4505797825270115e-09 0.7981396317481995 -0.6024724841117859 2.4286444187164307 0.0 0.0 0.0 1.0 " />
		</transform>
	</sensor>
	<sensor type="perspective">
		<string name="fov_axis" value="x" />
		<float name="fov" value="39.597755335771296" />
		<float name="near_clip" value="0.1" />
		<float name="far_clip" value="1000" />
		<transform name="to_world">
			<matrix value="-0.28662192821502697 -0.25357696413993835 -0.9238758683204651 3.7242627143859863 -0.95804363489151 0.07586367428302765 0.27639979124069225 -1.1142032146453857 -3.241419720086286e-17 0.9643357992172241 -0.26468199491500854 1.066967248916626 0.0 0.0 0.0 1.0 " />
		</transform>
	</sensor>
	<sensor type="perspective">
		<string name="fov_axis" value="x" />
		<float name="fov" value="39.597755335771296" />
		<float name="near_clip" value="0.1" />
		<float name="far_clip" value="1000" />
		<transform name="to_world">
			<matrix value="0.09750017523765561 -0.9662679433822632 -0.23836953938007355 0.9608983993530273 -0.9952355623245239 -0.09466230124235153 -0.023352332413196442 0.09413626790046692 1.8626452523753804e-09 0.23951061069965363 -0.9708936214447021 3.913797616958618 0.0 0.0 0.0 1.0 " />
		</transform>
	</sensor>
	<sensor type="perspective">
		<string name="fov_axis" value="x" />
		<float name="fov" value="39.597755335771296" />
		<float name="near_clip" value="0.1" />
		<float name="far_clip" value="1000" />
		<transform name="to_world">
			<matrix value="-0.5655173063278199 -0.2501452565193176 -0.7858863472938536 3.1680095195770264 -0.8247364163398742 0.17152325809001923 0.5388780236244203 -2.1722869873046875 -3.7143936036319994e-17 0.9528940916061401 -0.30330324172973633 1.2226545810699463 0.0 0.0 0.0 1.0 " />
		</transform>
	</sensor>
	<sensor type="perspective">
		<string name="fov_axis" value="x" />
		<float name="fov" value="39.597755335771296" />
		<float name="near_clip" value="0.1" />
		<float name="far_clip" value="1000" />
		<transform name="to_world">
			<matrix value="-0.8422731161117555 -0.25616011023521423 -0.4742973446846007 1.9119539260864258 -0.5390509963035582 0.40025293827056885 0.7410947680473329 -2.9874486923217773 -1.4901161252043568e-08 0.8798747658729553 -0.475205659866333 1.915615439414978 0.0 0.0 0.0 1.0 " />
		</transform>
	</sensor>
	<sensor type="perspective">
		<string name="fov_axis" value="x" />
		<float name="fov" value="39.597755335771296" />
		<float name="near_clip" value="0.1" />
		<float name="far_clip" value="1000" />
		<transform name="to_world">
			<matrix value="-0.9048085808753967 0.3769117295742035 0.19813843071460735 -0.7987216114997864 0.42581835389137274 0.8008883595466614 0.42101836204528803 -1.6971794366836548 -1.0839920196746652e-16 0.4653121531009674 -0.8851466178894043 3.5681405067443848 0.0 0.0 0.0 1.0 " />
		</transform>
	</sensor>
	<sensor type="perspective">
		<string name="fov_axis" value="x" />
		<float name="fov" value="39.597755335771296" />
		<float name="near_clip" value="0.1" />
		<float name="far_clip" value="1000" />
		<transform name="to_world">
			<matrix value="0.4602559208869933 -0.5367125868797302 -0.7071803212165834 2.8507351875305176 -0.887786328792572 -0.2782484292984009 -0.36662417650222767 1.4779094457626343 -7.403620845016187e-17 0.7965658903121948 -0.6045514941215515 2.437025308609009 0.0 0.0 0.0 1.0 " />
		</transform>
	</sensor>
	<sensor type="perspective">
		<string name="fov_axis" value="x" />
		<float name="fov" value="39.597755335771296" />
		<float name="near_clip" value="0.1" />
		<float name="far_clip" value="1000" />
		<transform name="to_world">
			<matrix value="0.4675160050392152 0.5285975337028503 0.7085289359092711 -2.8561718463897705 0.8839846849441528 -0.27956119179725647 -0.37472212314605724 1.5105533599853516 -7.323037681553314e-17 0.8015173077583313 -0.5979713797569275 2.4105000495910645 0.0 0.0 0.0 1.0 " />
		</transform>
	</sensor>
	<sensor type="perspective">
		<string name="fov_axis" value="x" />
		<float name="fov" value="39.597755335771296" />
		<float name="near_clip" value="0.1" />
		<float name="far_clip" value="1000" />
		<transform name="to_world">
			<matrix value="-0.7739522457122802 0.35971799492836 0.5211533904075624 -2.1008365154266357 0.6332439780235292 0.4396481513977051 0.6369548439979552 -2.5676472187042236 -6.956679040156082e-17 0.8229899406433105 -0.5680559277534485 2.2899067401885986 0.0 0.0 0.0 1.0 " />
		</transform>
	</sensor>
	<sensor type="perspective">
		<string name="fov_axis" value="x" />
		<float name="fov" value="39.597755335771296" />
		<float name="near_clip" value="0.1" />
		<float name="far_clip" value="1000" />
		<transform name="to_world">
			<matrix value="0.16134572029113758 -0.3997095823287964 -0.9023301005363464 3.637409210205078 -0.9868979454040527 -0.06534761935472488 -0.14751990139484394 0.5946717858314514 -3.725290348062086e-09 0.914309561252594 -0.40501612424850464 1.6326723098754883 0.0 0.0 0.0 1.0 " />
		</transform>
	</sensor>
	<sensor type="perspective">
		<string name="fov_axis" value="x" />
		<float name="fov" value="39.597755335771296" />
		<float name="near_clip" value="0.1" />
		<float name="far_clip" value="1000" />
		<transform name="to_world">
			<matrix value="0.9752575159072876 -0.03920060396194458 -0.21756872534751903 0.8770476579666138 -0.22107206284999859 -0.17293314635753632 -0.9598026275634766 3.8690884113311768 -3.725290764266621e-09 0.9841530919075012 -0.1773204803466797 0.7148017883300781 0.0 0.0 0.0 1.0 " />
		</transform>
	</sensor>
	<sensor type="perspective">
		<string name="fov_axis" value="x" />
		<float name="fov" value="39.597755335771296" />
		<float name="near_clip" value="0.1" />
		<float name="far_clip" value="1000" />
		<transform name="to_world">
			<matrix value="0.9902960658073425 0.09176140278577805 0.10437164455652224 -0.42073559761047363 0.13897335529327384 -0.6538731455802917 -0.7437312006950378 2.9980766773223877 -8.086103216133463e-17 0.7510190606117249 -0.6602804064750671 2.6616756916046143 0.0 0.0 0.0 1.0 " />
		</transform>
	</sensor>
	<sensor type="perspective">
		<string name="fov_axis" value="x" />
		<float name="fov" value="39.597755335771296" />
		<float name="near_clip" value="0.1" />
		<float name="far_clip" value="1000" />
		<transform name="to_world">
			<matrix value="-0.7852338552474977 -0.33010709285736084 -0.52386736869812 2.111776828765869 -0.6191992759704589 0.4186233878135681 0.664339303970337 -2.678037405014038 1.490116112855936e-08 0.8460399508476257 -0.5331193804740906 2.1490728855133057 0.0 0.0 0.0 1.0 " />
		</transform>
	</sensor>
	<sensor type="perspective">
		<string name="fov_axis" value="x" />
		<float name="fov" value="39.597755335771296" />
		<float name="near_clip" value="0.1" />
		<float name="far_clip" value="1000" />
		<transform name="to_world">
			<matrix value="-0.8931812047958374 0.20586314797401428 0.3998093008995057 -1.6116830110549927 0.4496966898441316 0.4088824987411499 0.7940956354141235 -3.2011020183563232 -5.606215413227822e-17 0.889064371585846 -0.45778220891952515 1.8453792333602905 0.0 0.0 0.0 1.0 " />
		</transform>
	</sensor>
	<sensor type="perspective">
		<string name="fov_axis" value="x" />
		<float name="fov" value="39.597755335771296" />
		<float name="near_clip" value="0.1" />
		<float name="far_clip" value="1000" />
		<transform name="to_world">
			<matrix value="0.2867389023303985 -0.8562213182449341 -0.4297276139259339 1.7322875261306763 -0.9580087661743164 -0.25627318024635315 -0.12862055003643025 0.5184860825538635 -1.0945293070111719e-16 0.44856342673301697 -0.8937509655952454 3.60282564163208 0.0 0.0 0.0 1.0 " />
		</transform>
	</sensor>
	<sensor type="perspective">
		<string name="fov_axis" value="x" />
		<float name="fov" value="39.597755335771296" />
		<float name="near_clip" value="0.1" />
		<float name="far_clip" value="1000" />
		<transform name="to_world">
			<matrix value="0.1550107002258301 0.9340341687202454 0.32179465889930725 -1.2971957921981812 0.9879127740859985 -0.1465567648410797 -0.05049192532897007 0.20353946089744568 -1.1578572673770224e-16 0.3257317543029785 -0.945462167263031 3.8112800121307373 0.0 0.0 0.0 1.0 " />
		</transform>
	</sensor>
	<sensor type="perspective">
		<string name="fov_axis" value="x" />
		<float name="fov" value="39.597755335771296" />
		<float name="near_clip" value="0.1" />
		<float name="far_clip" value="1000" />
		<transform name="to_world">
			<matrix value="-6.262858369142886e-05 0.21157889068126678 0.9773608446121216 -3.9398677349090576 1.0 1.3250886695459485e-05 6.121072510710779e-05 -0.0002467483573127538 -2.5910942254627467e-17 0.9773607850074768 -0.21157889068126678 0.8529018759727478 0.0 0.0 0.0 1.0 " />
		</transform>
	</sensor>
	<sensor type="perspective">
		<string name="fov_axis" value="x" />
		<float name="fov" value="39.597755335771296" />
		<float name="near_clip" value="0.1" />
		<float name="far_clip" value="1000" />
		<transform name="to_world">
			<matrix value="-0.7431973218917847 -0.5280798077583313 -0.4108399152755736 1.6561487913131714 -0.669072389602661 0.5865845680236816 0.4563559293746949 -1.8396297693252563 -9.665789723172917e-17 0.6140441298484802 -0.7892715930938721 3.1816558837890625 0.0 0.0 0.0 1.0 " />
		</transform>
	</sensor>
	<sensor type="perspective">
		<string name="fov_axis" value="x" />
		<float name="fov" value="39.597755335771296" />
		<float name="near_clip" value="0.1" />
		<float name="far_clip" value="1000" />
		<transform name="to_world">
			<matrix value="0.756612002849579 0.34157976508140564 0.5575495362281798 -2.247554063796997 0.6538640856742858 -0.39525550603866577 -0.6451627016067506 2.600733995437622 -6.397577320245724e-17 0.8526995182037354 -0.5224018096923828 2.1058690547943115 0.0 0.0 0.0 1.0 " />
		</transform>
	</sensor>
	<sensor type="perspective">
		<string name="fov_axis" value="x" />
		<float name="fov" value="39.597755335771296" />
		<float name="near_clip" value="0.1" />
		<float name="far_clip" value="1000" />
		<transform name="to_world">
			<matrix value="0.397789627313614 0.3703862130641937 0.8393910527229309 -3.3836936950683594 0.9174765944480896 -0.1605880707502365 -0.36393412947654735 1.4670655727386475 -4.943910950618139e-17 0.9148910045623779 -0.40370094776153564 1.6273707151412964 0.0 0.0 0.0 1.0 " />
		</transform>
	</sensor>
	<sensor type="perspective">
		<string name="fov_axis" value="x" />
		<float name="fov" value="39.597755335771296" />
		<float name="near_clip" value="0.1" />
		<float name="far_clip" value="1000" />
		<transform name="to_world">
			<matrix value="-0.7656702995300293 -0.4731244146823883 -0.4357779026031493 1.7566769123077393 -0.6432332396507262 0.5631818175315857 0.5187265872955323 -2.0910537242889404 -2.980232070141626e-08 0.6774803400039673 -0.7355409264564514 2.965060234069824 0.0 0.0 0.0 1.0 " />
		</transform>
	</sensor>
	<sensor type="perspective">
		<string name="fov_axis" value="x" />
		<float name="fov" value="39.597755335771296" />
		<float name="near_clip" value="0.1" />
		<float name="far_clip" value="1000" />
		<transform name="to_world">
			<matrix value="0.46346595883369446 -0.8589088916778564 -0.21788737177848821 0.8783321380615234 -0.886114776134491 -0.4492363929748535 -0.11396195739507664 0.4593953788280487 -1.1870470942160095e-16 0.24589067697525024 -0.969297468662262 3.9073634147644043 0.0 0.0 0.0 1.0 " />
		</transform>
	</sensor>
	<sensor type="perspective">
		<string name="fov_axis" value="x" />
		<float name="fov" value="39.597755335771296" />
		<float name="near_clip" value="0.1" />
		<float name="far_clip" value="1000" />
		<transform name="to_world">
			<matrix value="0.8262399435043336 0.21388964354991913 0.5211319923400878 -2.10075044631958 0.5633181929588317 -0.3137199878692627 -0.7643639445304872 3.081249952316284 -1.4901159463990155e-08 0.9251114130020142 -0.3796958923339844 1.5306031703948975 0.0 0.0 0.0 1.0 " />
		</transform>
	</sensor>
	<sensor type="perspective">
		<string name="fov_axis" value="x" />
		<float name="fov" value="39.597755335771296" />
		<float name="near_clip" value="0.1" />
		<float name="far_clip" value="1000" />
		<transform name="to_world">
			<matrix value="0.9966232776641846 0.07444921880960464 0.03463118895888316 -0.13960279524326324 0.08210971951484675 -0.9036424160003662 -0.4203430414199829 1.6944570541381836 -1.1103923563222199e-16 0.4217672646045685 -0.9067041277885437 3.655041217803955 0.0 0.0 0.0 1.0 " />
		</transform>
	</sensor>
	<sensor type="perspective">
		<string name="fov_axis" value="x" />
		<float name="fov" value="39.597755335771296" />
		<float name="near_clip" value="0.1" />
		<float name="far_clip" value="1000" />
		<transform name="to_world">
			<matrix value="0.4379815459251405 0.34720176458358765 0.8292304277420044 -3.3427348136901855 0.8989839553833008 -0.16915537416934967 -0.40399786829948436 1.6285674571990967 1.4901161146549866e-08 0.922408401966095 -0.3862157464027405 1.5568854808807373 0.0 0.0 0.0 1.0 " />
		</transform>
	</sensor>
	<sensor type="perspective">
		<string name="fov_axis" value="x" />
		<float name="fov" value="39.597755335771296" />
		<float name="near_clip" value="0.1" />
		<float name="far_clip" value="1000" />
		<transform name="to_world">
			<matrix value="0.994414210319519 0.02083449251949787 0.10347140580415713 -0.41710659861564636 0.1055481284856795 -0.19629065692424774 -0.9748484492301941 3.9297399520874023 -3.725289878546405e-09 0.9803244471549988 -0.1973932385444641 0.7957176566123962 0.0 0.0 0.0 1.0 " />
		</transform>
	</sensor>
	<sensor type="perspective">
		<string name="fov_axis" value="x" />
		<float name="fov" value="39.597755335771296" />
		<float name="near_clip" value="0.1" />
		<float name="far_clip" value="1000" />
		<transform name="to_world">
			<matrix value="0.9928660988807678 -0.019224023446440697 -0.11767476797103894 0.47436219453811646 -0.11923471093177808 -0.160078227519989 -0.9798764586448669 3.9500086307525635 -1.97447838582561e-17 0.9869171380996704 -0.16122838854789734 0.6499325037002563 0.0 0.0 0.0 1.0 " />
		</transform>
	</sensor>
	<sensor type="perspective">
		<string name="fov_axis" value="x" />
		<float name="fov" value="39.597755335771296" />
		<float name="near_clip" value="0.1" />
		<float name="far_clip" value="1000" />
		<transform name="to_world">
			<matrix value="-0.6021551489830018 -0.635220468044281 -0.4836363494396209 1.9496005773544312 -0.7983791828155518 0.47909730672836304 0.3647691905498506 -1.4704318046569824 1.4901162872766987e-08 0.6057727932929993 -0.7956376075744629 3.207318067550659 0.0 0.0 0.0 1.0 " />
		</transform>
	</sensor>
	<sensor type="perspective">
		<string name="fov_axis" value="x" />
		<float name="fov" value="39.597755335771296" />
		<float name="near_clip" value="0.1" />
		<float name="far_clip" value="1000" />
		<transform name="to_world">
			<matrix value="-0.495859682559967 0.7388697266578674 0.456283450126648 -1.8393374681472778 0.8684027194976807 0.4218961298465729 0.26053878664970387 -1.0502654314041138 -1.0419757935692142e-16 0.5254284143447876 -0.850837767124176 3.4298367500305176 0.0 0.0 0.0 1.0 " />
		</transform>
	</sensor>
	<sensor type="perspective">
		<string name="fov_axis" value="x" />
		<float name="fov" value="39.597755335771296" />
		<float name="near_clip" value="0.1" />
		<float name="far_clip" value="1000" />
		<transform name="to_world">
			<matrix value="0.5594504475593568 0.5238707065582275 0.642319619655609 -2.589273452758789 0.8288636207580566 -0.3535921573638916 -0.4335405528545381 1.7476580142974854 -7.74019256341413e-17 0.774940013885498 -0.6320346593856812 2.5478134155273438 0.0 0.0 0.0 1.0 " />
		</transform>
	</sensor>
	<sensor type="perspective">
		<string name="fov_axis" value="x" />
		<float name="fov" value="39.597755335771296" />
		<float name="near_clip" value="0.1" />
		<float name="far_clip" value="1000" />
		<transform name="to_world">
			<matrix value="-0.9999964833259583 -0.0018918740097433329 -0.0018659689230843153 0.007521961349993944 -0.002657259348779831 0.7119618654251099 0.7022131085395813 -2.830711603164673 -8.719049234284318e-17 0.7022156119346619 -0.7119643688201904 2.8700201511383057 0.0 0.0 0.0 1.0 " />
		</transform>
	</sensor>
	<sensor type="perspective">
		<string name="fov_axis" value="x" />
		<float name="fov" value="39.597755335771296" />
		<float name="near_clip" value="0.1" />
		<float name="far_clip" value="1000" />
		<transform name="to_world">
			<matrix value="0.9168165326118469 -0.3853738605976105 -0.10456775873899471 0.42152610421180725 -0.39930868148803716 -0.8848220705986023 -0.24008858203887934 0.9678280353546143 7.45058047873284e-09 0.26187196373939514 -0.9651026129722595 3.8904531002044678 0.0 0.0 0.0 1.0 " />
		</transform>
	</sensor>
	<sensor type="perspective">
		<string name="fov_axis" value="x" />
		<float name="fov" value="39.597755335771296" />
		<float name="near_clip" value="0.1" />
		<float name="far_clip" value="1000" />
		<transform name="to_world">
			<matrix value="-0.9999156594276428 -0.012454097159206867 -0.0036983494646846025 0.014908524230122566 -0.012991628609597648 0.9585440158843994 0.28464773297309875 -1.1474518775939941 -1.1739770388391438e-16 0.2846718430519104 -0.9586249589920044 3.8643410205841064 0.0 0.0 0.0 1.0 " />
		</transform>
	</sensor>
	<sensor type="perspective">
		<string name="fov_axis" value="x" />
		<float name="fov" value="39.597755335771296" />
		<float name="near_clip" value="0.1" />
		<float name="far_clip" value="1000" />
		<transform name="to_world">
			<matrix value="-0.37395760416984564 -0.8564795851707458 -0.3558064699172973 1.434301733970642 -0.9274457693099976 0.3453431725502014 0.1434655785560609 -0.5783282518386841 -1.1309395447167274e-16 0.38364121317863464 -0.9234821796417236 3.7226758003234863 0.0 0.0 0.0 1.0 " />
		</transform>
	</sensor>
	<sensor type="perspective">
		<string name="fov_axis" value="x" />
		<float name="fov" value="39.597755335771296" />
		<float name="near_clip" value="0.1" />
		<float name="far_clip" value="1000" />
		<transform name="to_world">
			<matrix value="0.9326563477516174 -0.22499778866767883 -0.2820070981979371 1.1368069648742676 -0.36076587438583385 -0.5816670060157776 -0.7290481925010681 2.938887357711792 -7.637719037174635e-17 0.7816900014877319 -0.6236670613288879 2.514082431793213 0.0 0.0 0.0 1.0 " />
		</transform>
	</sensor>
	<sensor type="perspective">
		<string name="fov_axis" value="x" />
		<float name="fov" value="39.597755335771296" />
		<float name="near_clip" value="0.1" />
		<float name="far_clip" value="1000" />
		<transform name="to_world">
			<matrix value="0.8471797108650209 0.14040516316890717 0.5124186873435973 -2.0656259059906006 0.531306505203247 -0.22387906908988953 -0.8170626759529115 3.2936851978302 -7.450580629286826e-09 0.9644504189491272 -0.26426392793655396 1.0652819871902466 0.0 0.0 0.0 1.0 " />
		</transform>
	</sensor>
	<sensor type="perspective">
		<string name="fov_axis" value="x" />
		<float name="fov" value="39.597755335771296" />
		<float name="near_clip" value="0.1" />
		<float name="far_clip" value="1000" />
		<transform name="to_world">
			<matrix value="-0.5719918608665465 0.34370848536491394 0.7447749376296998 -3.002284049987793 0.8202592730522157 0.23967842757701874 0.5193543434143065 -2.0935845375061035 1.490116025435358e-08 0.9079751372337341 -0.41902410984039307 1.6891403198242188 0.0 0.0 0.0 1.0 " />
		</transform>
	</sensor>
	<sensor type="perspective">
		<string name="fov_axis" value="x" />
		<float name="fov" value="39.597755335771296" />
		<float name="near_clip" value="0.1" />
		<float name="far_clip" value="1000" />
		<transform name="to_world">
			<matrix value="-0.2079109102487563 0.16523794829845428 0.9640898704528809 -3.886370897293091 0.9781477451324463 0.03512227535247803 0.2049228399991988 -0.8260704278945923 -2.068788556430961e-17 0.9856281876564026 -0.16892939805984497 0.6809762716293335 0.0 0.0 0.0 1.0 " />
		</transform>
	</sensor>
	<sensor type="perspective">
		<string name="fov_axis" value="x" />
		<float name="fov" value="39.597755335771296" />
		<float name="near_clip" value="0.1" />
		<float name="far_clip" value="1000" />
		<transform name="to_world">
			<matrix value="0.30069297552108776 0.47792530059814453 0.8253308534622192 -3.3270153999328613 0.9537209868431091 -0.15068219602108002 -0.26021361351013195 1.048954725265503 -7.450580658292882e-09 0.8653798699378967 -0.5011163353919983 2.0200648307800293 0.0 0.0 0.0 1.0 " />
		</transform>
	</sensor>
	<sensor type="perspective">
		<string name="fov_axis" value="x" />
		<float name="fov" value="39.597755335771296" />
		<float name="near_clip" value="0.1" />
		<float name="far_clip" value="1000" />
		<transform name="to_world">
			<matrix value="-0.933196485042572 -0.07844070345163345 -0.35070151090621937 1.413723111152649 -0.35936683416366566 0.2036931961774826 0.9106944799423218 -3.6711270809173584 -2.6730945798733273e-17 0.9758873581886292 -0.21827472746372223 0.8798936009407043 0.0 0.0 0.0 1.0 " />
		</transform>
	</sensor>
	<sensor type="perspective">
		<string name="fov_axis" value="x" />
		<float name="fov" value="39.597755335771296" />
		<float name="near_clip" value="0.1" />
		<float name="far_clip" value="1000" />
		<transform name="to_world">
			<matrix value="0.5703680515289307 0.8067229390144348 0.15452639758586875 -0.6229158639907837 0.8213893175125122 -0.5601838231086731 -0.10730224847793589 0.43254923820495605 7.450581364824241e-09 0.18812799453735352 -0.9821444153785706 3.959151029586792 0.0 0.0 0.0 1.0 " />
		</transform>
	</sensor>
	<sensor type="perspective">
		<string name="fov_axis" value="x" />
		<float name="fov" value="39.597755335771296" />
		<float name="near_clip" value="0.1" />
		<float name="far_clip" value="1000" />
		<transform name="to_world">
			<matrix value="0.9822137951850891 -0.1677587777376175 -0.08433839678764356 0.339978963136673 -0.18776571750640875 -0.8775562047958374 -0.44117921590805054 1.7784502506256104 -1.0941573263225538e-16 0.4491681754589081 -0.89344722032547 3.6016008853912354 0.0 0.0 0.0 1.0 " />
		</transform>
	</sensor>
	<sensor type="perspective">
		<string name="fov_axis" value="x" />
		<float name="fov" value="39.597755335771296" />
		<float name="near_clip" value="0.1" />
		<float name="far_clip" value="1000" />
		<transform name="to_world">
			<matrix value="0.3330278396606446 0.7478148937225342 0.5743390917778015 -2.315235137939453 0.942916989326477 -0.2641199231147766 -0.20285022258758556 0.8177154660224915 -1.4901161290972742e-08 0.6091088652610779 -0.7930864691734314 3.1970341205596924 0.0 0.0 0.0 1.0 " />
		</transform>
	</sensor>
	<sensor type="perspective">
		<string name="fov_axis" value="x" />
		<float name="fov" value="39.597755335771296" />
		<float name="near_clip" value="0.1" />
		<float name="far_clip" value="1000" />
		<transform name="to_world">
			<matrix value="0.2816684544086455 -0.5504832863807678 -0.7858948707580566 3.168043851852417 -0.9595118761062622 -0.16159653663635254 -0.23070250451564778 0.929991602897644 -2.980232601066844e-08 0.819057047367096 -0.5737119317054749 2.31270694732666 0.0 0.0 0.0 1.0 " />
		</transform>
	</sensor>
	<sensor type="perspective">
		<string name="fov_axis" value="x" />
		<float name="fov" value="39.597755335771296" />
		<float name="near_clip" value="0.1" />
		<float name="far_clip" value="1000" />
		<transform name="to_world">
			<matrix value="0.7199268341064454 0.1475599855184555 0.6781823635101317 -2.7338404655456543 0.6940498948097228 -0.1530616134405136 -0.7034677267074586 2.8357691764831543 -2.6036867134033322e-17 0.9771378040313721 -0.21260714530944824 0.8570468425750732 0.0 0.0 0.0 1.0 " />
		</transform>
	</sensor>
	<sensor type="perspective">
		<string name="fov_axis" value="x" />
		<float name="fov" value="39.597755335771296" />
		<float name="near_clip" value="0.1" />
		<float name="far_clip" value="1000" />
		<transform name="to_world">
			<matrix value="0.999970555305481 0.0056571876630187035 0.005176835693418857 -0.020868491381406784 0.0076683373190461765 -0.7377116084098816 -0.675072431564331 2.721303939819336 4.65661169205894e-10 0.675092339515686 -0.7377332448959351 2.973897933959961 0.0 0.0 0.0 1.0 " />
		</transform>
	</sensor>
	<sensor type="perspective">
		<string name="fov_axis" value="x" />
		<float name="fov" value="39.597755335771296" />
		<float name="near_clip" value="0.1" />
		<float name="far_clip" value="1000" />
		<transform name="to_world">
			<matrix value="0.2615139186382294 0.9203336238861084 0.29085499048233027 -1.1724741458892822 0.9651997685432434 -0.24935775995254517 -0.07880505919456494 0.31767338514328003 -1.1677205222020104e-16 0.3013418912887573 -0.9535161256790161 3.8437466621398926 0.0 0.0 0.0 1.0 " />
		</transform>
	</sensor>
	<sensor type="perspective">
		<string name="fov_axis" value="x" />
		<float name="fov" value="39.597755335771296" />
		<float name="near_clip" value="0.1" />
		<float name="far_clip" value="1000" />
		<transform name="to_world">
			<matrix value="-0.7933609485626222 -0.19958899915218353 -0.5751022100448607 2.3183114528656006 -0.6087514758110045 0.2601161599159241 0.7495071887969972 -3.021360397338867 -4.015201597856391e-17 0.9447241425514221 -0.3278660774230957 1.3216705322265625 0.0 0.0 0.0 1.0 " />
		</transform>
	</sensor>
	<sensor type="perspective">
		<string name="fov_axis" value="x" />
		<float name="fov" value="39.597755335771296" />
		<float name="near_clip" value="0.1" />
		<float name="far_clip" value="1000" />
		<transform name="to_world">
			<matrix value="0.9780508875846863 0.035429153591394424 0.2053319364786147 -0.8277195692062378 0.20836611092090596 -0.16630110144615173 -0.9638087749481201 3.885237693786621 -2.0823057039816465e-17 0.9854384064674377 -0.17003315687179565 0.6854256391525269 0.0 0.0 0.0 1.0 " />
		</transform>
	</sensor>
	<sensor type="perspective">
		<string name="fov_axis" value="x" />
		<float name="fov" value="39.597755335771296" />
		<float name="near_clip" value="0.1" />
		<float name="far_clip" value="1000" />
		<transform name="to_world">
			<matrix value="-0.9800372123718262 -0.039007220417261124 -0.19495017826557148 0.7858693599700928 -0.19881436228752125 0.1922825276851654 0.9609891176223755 -3.873871326446533 -2.40274724918118e-17 0.9805640578269958 -0.1961991935968399 0.7909042835235596 0.0 0.0 0.0 1.0 " />
		</transform>
	</sensor>
	<sensor type="perspective">
		<string name="fov_axis" value="x" />
		<float name="fov" value="39.597755335771296" />
		<float name="near_clip" value="0.1" />
		<float name="far_clip" value="1000" />
		<transform name="to_world">
			<matrix value="0.7107511758804321 0.5660614967346191 0.41762080788612355 -1.683483362197876 0.7034434676170349 -0.5719420313835144 -0.4219592511653901 1.7009721994400024 1.4901160207121815e-08 0.5936806797981262 -0.8047007322311401 3.243852376937866 0.0 0.0 0.0 1.0 " />
		</transform>
	</sensor>
	<sensor type="perspective">
		<string name="fov_axis" value="x" />
		<float name="fov" value="39.597755335771296" />
		<float name="near_clip" value="0.1" />
		<float name="far_clip" value="1000" />
		<transform name="to_world">
			<matrix value="0.9999840259552002 0.002792684594169259 0.004916718695312616 -0.019819926470518112 0.005654485896229637 -0.4938804805278778 -0.8695114254951477 3.505112648010254 2.328305831699812e-10 0.8695253133773804 -0.49388840794563293 1.990927815437317 0.0 0.0 0.0 1.0 " />
		</transform>
	</sensor>
	<sensor type="perspective">
		<string name="fov_axis" value="x" />
		<float name="fov" value="39.597755335771296" />
		<float name="near_clip" value="0.1" />
		<float name="far_clip" value="1000" />
		<transform name="to_world">
			<matrix value="-0.5215556025505067 -0.4440380930900574 -0.7285671234130858 2.9369475841522217 -0.8532173037528992 0.2714320719242096 0.4453592896461488 -1.7953004837036133 -6.3734044150568e-17 0.8539056777954102 -0.520427942276001 2.097911834716797 0.0 0.0 0.0 1.0 " />
		</transform>
	</sensor>
	<sensor type="perspective">
		<string name="fov_axis" value="x" />
		<float name="fov" value="39.597755335771296" />
		<float name="near_clip" value="0.1" />
		<float name="far_clip" value="1000" />
		<transform name="to_world">
			<matrix value="-0.23253430426120747 0.1524328589439392 0.9605684876441956 -3.872175693511963 0.9725881814956665 0.03644489124417305 0.22966054081916798 -0.925791323184967 -1.9193776514044498e-17 0.9876416325569153 -0.1567290723323822 0.6317951679229736 0.0 0.0 0.0 1.0 " />
		</transform>
	</sensor>
	<sensor type="perspective">
		<string name="fov_axis" value="x" />
		<float name="fov" value="39.597755335771296" />
		<float name="near_clip" value="0.1" />
		<float name="far_clip" value="1000" />
		<transform name="to_world">
			<matrix value="-0.9624335765838623 -0.0828590914607048 -0.2585652470588683 1.0423099994659424 -0.2715172767639159 0.29370641708374023 0.9165232181549072 -3.6946234703063965 -7.450580634296442e-09 0.9522977471351624 -0.30517053604125977 1.2301819324493408 0.0 0.0 0.0 1.0 " />
		</transform>
	</sensor>
	<sensor type="perspective">
		<string name="fov_axis" value="x" />
		<float name="fov" value="39.597755335771296" />
		<float name="near_clip" value="0.1" />
		<float name="far_clip" value="1000" />
		<transform name="to_world">
			<matrix value="-0.9513999223709106 0.208729088306427 0.22642995417118084 -0.9127683639526367 0.30795836448669445 0.6448431015014648 0.6995278000831604 -2.8198866844177246 -8.300453438217591e-17 0.7352616190910339 -0.6777834296226501 2.7322323322296143 0.0 0.0 0.0 1.0 " />
		</transform>
	</sensor>
	<sensor type="perspective">
		<string name="fov_axis" value="x" />
		<float name="fov" value="39.597755335771296" />
		<float name="near_clip" value="0.1" />
		<float name="far_clip" value="1000" />
		<transform name="to_world">
			<matrix value="-0.3274254798889161 -0.32604190707206726 -0.8868421912193298 3.5749754905700684 -0.9448769688606262 0.1129823625087738 0.30731487274169933 -1.238826036453247 -7.45058063918183e-09 0.9385795593261719 -0.3450627624988556 1.3909926414489746 0.0 0.0 0.0 1.0 " />
		</transform>
	</sensor>
	<sensor type="perspective">
		<string name="fov_axis" value="x" />
		<float name="fov" value="39.597755335771296" />
		<float name="near_clip" value="0.1" />
		<float name="far_clip" value="1000" />
		<transform name="to_world">
			<matrix value="-0.6466457843780519 -0.4112951159477234 -0.6424060463905333 2.5896217823028564 -0.7627904415130614 0.3486701548099518 0.5445914268493653 -2.1953184604644775 1.4901161127814953e-08 0.842179000377655 -0.5391979217529297 2.173576593399048 0.0 0.0 0.0 1.0 " />
		</transform>
	</sensor>
	<sensor type="perspective">
		<string name="fov_axis" value="x" />
		<float name="fov" value="39.597755335771296" />
		<float name="near_clip" value="0.1" />
		<float name="far_clip" value="1000" />
		<transform name="to_world">
